-333056.745   122.387     0.00   15.69
-332768.149   121.262    -3.90   16.27
-332479.534   121.289     0.10   15.34
-332190.900   120.056    -4.27   13.64
-331902.248   119.310    -2.58   12.98
-331613.577   118.203    -3.83   11.46
-331324.888   116.378    -6.32   10.07
-331036.180   114.365    -6.97   10.57
-330747.454   112.131    -7.73   11.74
-330458.708   108.970   -10.94   11.69
-330169.945   107.018    -6.76   11.63
-329881.162   104.421    -8.99   11.77
-329592.361   102.141    -7.89   11.88
-329303.541    99.244   -10.03   10.53
-329014.703    98.101    -3.95   10.54
-328725.846    99.352     4.33   12.04
-328436.970   100.992     5.68   14.64
-328148.076   103.157     7.49   18.21
-327859.163   106.757    12.46   18.98
-327570.232   112.445    19.68   17.92
-327281.281   116.952    15.59   16.48
-326992.312   121.173    14.60   15.90
-326703.325   125.365    14.50   15.90
-326414.318   128.119     9.52   15.39
-326125.293   130.230     7.30   14.05
-325836.250   130.944     2.47   12.42
-325547.187   132.832     6.53   12.27
-325258.106   135.534     9.34   15.13
-324969.006   140.458    17.03   23.47
-324679.888   151.032    36.56   38.91
-324390.751   166.087    52.06   49.13
-324101.595   179.562    46.59   51.40
-323812.420   188.365    30.43   48.89
-323523.227   193.837    18.92   47.66
-323234.015   199.872    20.86   46.49
-322944.784   202.845    10.28   43.49
-322655.534   210.703    27.16   43.53
-322366.266   218.271    26.15   49.27
-322076.979   236.258    62.16   58.11
-321787.673   259.081    78.87   66.21
-321498.349   279.612    70.94   77.27
-321209.005   304.587    86.29   94.28
-320919.643   329.919    87.52  115.49
-320630.263   362.662   113.12  129.02
-320340.863   399.536   127.38  131.82
-320051.445   421.325    75.26  114.08
-319762.008   431.912    36.57   95.40
-319472.552   418.445   -46.51   94.67
-319183.077   390.472   -96.61  110.25
-318893.584   346.132  -153.12  124.59
-318604.072   293.234  -182.66  119.70
-318314.541   239.338  -186.09  104.50
-318024.991   192.948  -160.17   77.28
-317735.422   160.432  -112.26   46.85
-317445.835   141.392   -65.73   29.95
-317156.229   130.573   -37.35   20.69
-316866.604   125.392   -17.88   17.45
-316576.960   124.245    -3.96   17.98
-316287.297   123.649    -2.06   17.85
-315997.616   121.296    -8.12   17.40
-315707.915   120.520    -2.68   17.63
-315418.196   119.527    -3.43   15.11
-315128.458   117.194    -8.05   13.05
-314838.701   115.365    -6.31   12.63
-314548.926   114.872    -1.70   12.39
-314259.131   115.112     0.83   13.27
-313969.318   113.734    -4.75   13.65
-313679.638   113.351    -1.32   13.14
-313393.793   114.351     3.50   12.16
-313107.930   116.615     7.92   11.86
-312822.049   118.886     7.94   12.52
-312536.150   125.573    23.39   22.81
-312250.232   133.050    26.14   30.92
-311964.297   149.392    57.14   46.17
-311678.343   173.183    83.18   65.11
-311392.370   195.378    77.59   76.77
-311106.380   220.694    88.49   88.55
-310820.371   249.589   101.00   93.69
-310534.344   279.543   104.70   99.38
-310248.299   302.643    80.73  104.34
-309962.235   325.676    80.49  110.04
-309676.153   350.578    87.02  115.63
-309390.053   374.393    83.21  107.18
-309103.935   377.878    12.18  101.66
-308817.798   383.760    20.55   94.63
-308531.644   389.536    20.18   87.60
-308245.470   393.605    14.21   83.16
-307959.279   399.628    21.04   91.25
-307673.069   403.668    14.11  100.19
-307386.841   401.245    -8.46  109.73
-307100.595   392.858   -29.29  121.19
-306814.330   363.046  -104.11  133.43
-306528.047   335.102   -97.58  138.62
-306241.745   295.406  -138.61  129.77
-305955.426   248.298  -164.49  105.63
-305669.088   212.365  -125.45   78.16
-305382.732   187.045   -88.40   58.28
-305096.357   169.430   -61.49   42.22
-304809.964   158.805   -37.09   32.60
-304523.553   150.818   -27.88   31.26
-304237.123   145.325   -19.18   26.38
-303950.675   145.762     1.53   22.61
-303664.209   150.740    17.37   24.75
-303377.724   158.527    27.17   30.44
-303091.221   165.757    25.23   33.72
-302804.699   180.805    52.51   47.18
-302518.160   203.510    79.22   63.99
-302231.601   229.538    90.81   79.22
-301945.025   267.118   131.10   91.62
-301658.430   289.891    79.44   85.73
-301371.817   308.541    65.05   74.32
-301085.185   312.771    14.75   69.97
-300798.535   298.744   -48.92   81.58
-300511.866   276.768   -76.64   85.86
-300225.180   259.639   -59.73   72.87
-299938.474   251.446   -28.57   62.77
-299651.751   275.095    82.46   88.18
-299365.009   320.352   157.79  121.29
-299078.248   372.222   180.84  140.09
-298791.469   441.525   241.59  143.04
-298504.672   484.924   151.28  138.06
-298217.856   526.085   143.47  129.77
-297931.022   550.635    85.57  126.69
-297644.169   547.431   -11.17  138.12
-297357.298   522.226   -87.84  143.52
-297070.409   486.698  -123.80  148.67
-296783.501   445.473  -143.65  139.91
-296496.574   393.562  -180.87  125.57
-296209.630   350.573  -149.78  103.61
-295922.666   319.458  -108.40   82.87
-295635.685   308.605   -37.81   67.55
-295348.684   308.655     0.17   59.42
-295061.666   325.352    58.16   72.96
-294774.628   349.823    85.23   88.55
-294487.573   394.984   157.28  122.54
-294200.499   441.892   163.36  139.67
-293913.406   492.228   175.28  140.20
-293626.295   546.338   188.41  135.22
-293339.165   598.984   183.30  127.06
-293052.017   646.763   166.35  116.22
-292764.851   691.685   156.39   96.87
-292477.666   725.066   116.21   78.85
-292190.462   758.970   118.02   69.91
-291903.240   781.203    77.39   77.34
-291615.999   797.694    57.40   80.87
-291328.740   797.532    -0.56   95.11
-291041.463   785.602   -41.52  108.44
-290754.166   772.176   -46.72  110.59
-290466.852   744.578   -96.03  114.40
-290179.519   712.651  -111.09  106.79
-289892.167   684.992   -96.23   89.40
-289604.796   647.365  -130.90   79.72
-289317.408   623.122   -84.33   67.91
-289030.000   607.698   -53.65   61.46
-288742.574   603.245   -15.49   58.38
-288455.130   613.726    36.45   58.39
-288167.666   630.490    58.30   61.59
-287880.185   652.162    75.37   65.24
-287592.685   669.738    61.12   74.58
-287305.166   680.247    36.54   89.13
-287017.628   692.778    43.57   97.93
-286730.072   701.742    31.16  104.64
-286442.498   706.085    15.10  107.59
-286154.905   711.155    17.62   95.20
-285867.293   711.268     0.39   81.82
-285579.662   719.752    29.49   67.16
-285292.014   733.446    47.60   56.77
-285004.346   746.504    45.38   55.85
-284716.660   755.256    30.41   65.97
-284428.955   768.141    44.78   75.28
-284141.232   774.989    23.79   81.47
-283853.490   790.032    52.27   79.19
-283565.729   794.596    15.86   80.38
-283277.950   795.273     2.35   85.62
-282990.152   786.085   -31.92   97.02
-282702.335   763.094   -79.86  104.62
-282414.500   741.837   -73.83  115.59
-282126.646   724.681   -59.59  126.31
-281838.774   706.488   -63.18  126.36
-281550.882   675.098  -109.01  135.17
-281262.973   655.664   -67.49  140.68
-280975.044   641.965   -47.56  139.06
-280687.097   632.391   -33.24  139.78
-280399.131   618.125   -49.53  138.29
-280111.147   608.257   -34.26  139.70
-279823.144   612.005    13.01  141.47
-279535.122   630.837    65.37  134.99
-279247.081   649.464    64.65  133.05
-278959.022   680.649   108.23  135.77
-278670.944   709.592   100.44  133.63
-278382.847   725.997    56.93  129.42
-278094.732   739.898    48.24  119.71
-277806.598   748.274    29.06  118.48
-277518.445   745.826    -8.50  116.66
-277230.274   734.712   -38.56  116.88
-276942.084   713.434   -73.82  111.11
-276653.875   695.852   -60.99  117.77
-276365.647   691.552   -14.92  116.09
-276077.401   682.420   -31.67  113.03
-275789.136   678.005   -15.31  108.30
-275500.852   687.431    32.69  104.96
-275212.549   700.865    46.59   88.31
-274924.228   717.578    57.95   78.80
-274635.888   732.773    52.68   76.63
-274347.529   750.378    61.04   77.01
-274059.152   764.352    48.44   83.86
-273770.755   790.490    90.61   89.70
-273482.340   800.240    33.80   99.64
-273193.906   816.325    55.75  109.69
-272905.454   832.058    54.53  110.80
-272616.982   835.205    10.91  113.38
-272328.492   835.443     0.82  111.69
-272039.983   841.189    19.91  102.67
-271751.455   852.165    38.03   88.64
-271462.909   856.965    16.63   72.25
-271174.343   856.009    -3.31   60.10
-270885.759   856.391     1.33   49.43
-270597.156   857.749     4.70   40.12
-270308.534   863.492    19.89   34.61
-270019.894   873.149    33.45   37.01
-269731.234   886.018    44.57   40.95
-269442.556   901.274    52.83   40.63
-269153.859   915.799    50.30   34.50
-268865.143   926.352    36.54   26.47
-268576.408   930.152    13.16   27.28
-268287.655   925.393   -16.48   41.73
-267998.882   913.957   -39.59   55.69
-267710.091   897.831   -55.83   69.96
-267421.281   872.595   -87.36   82.95
-267132.452   843.514  -100.66   89.23
-266843.604   811.498  -110.81   92.49
-266554.737   781.131  -105.10   91.02
-266265.851   754.312   -92.82   90.04
-265976.947   737.131   -59.45   92.08
-265688.024   729.192   -27.47   98.68
-265399.081   733.298    14.21  108.40
-265110.120   748.641    53.09  114.81
-264821.140   779.598   107.10  113.09
-264532.141   797.886    63.26  121.50
-264243.124   833.457   123.05  122.55
-263954.087   861.931    98.49  117.89
-263665.031   871.222    32.14  112.93
-263375.957   864.445   -23.44  114.02
-263086.864   831.484  -113.99  126.41
-262797.751   783.122  -167.24  146.00
-262508.620   713.557  -240.54  146.19
-262219.470   654.629  -203.75  130.29
-261930.301   613.798  -141.17  113.39
-261641.113   604.689   -31.49  109.88
-261351.906   616.049    39.27  125.43
-261062.680   645.839   102.97  145.56
-260773.435   698.186   180.93  148.99
-260484.171   742.826   154.29  140.15
-260194.888   790.444   164.57  132.72
-259905.587   838.201   165.04  126.10
-259616.266   873.165   120.82  112.54
-259326.926   902.299   100.67   95.46
-259037.568   917.256    51.68   94.87
-258748.190   910.098   -24.73  119.62
-258458.793   891.799   -63.22  140.87
-258169.378   858.198  -116.07  157.94
-257879.943   830.258   -96.51  165.72
-257590.490   788.576  -143.97  173.38
-257301.017   738.581  -172.67  162.69
-257011.526   685.135  -184.58  144.79
-256722.015   655.323  -102.95  131.81
-256432.486   633.283   -76.11  130.77
-256142.937   637.919    16.01  132.74
-255853.370   645.076    24.71  123.73
-255563.783   626.605   -63.77  121.42
-255274.177   605.443   -73.06  121.16
-254984.553   585.549   -68.67  114.65
-254694.909   567.576   -62.04  115.18
-254405.246   526.365  -142.24   99.61
-254115.565   488.995  -128.97   87.63
-253825.864   472.023   -58.57   81.27
-253536.144   460.500   -39.76   77.20
-253246.405   444.036   -56.81   75.75
-252956.647   426.586   -60.21   73.88
-252666.870   417.906   -29.95   73.50
-252377.074   401.327   -57.20   65.90
-252087.259   395.472   -20.20   61.87
-251797.425   391.032   -15.32   56.29
-251509.306   398.512    25.96   60.39
-251223.494   410.933    43.45   66.42
-250937.663   424.810    48.54   64.65
-250651.814   434.653    34.43   61.09
-250365.946   459.218    85.91   69.30
-250080.060   498.826   138.51   85.14
-249794.155   540.218   144.75   92.29
-249508.232   578.040   132.25   90.39
-249222.291   615.676   131.59   76.75
-248936.331   641.805    91.35   60.73
-248650.353   657.792    55.89   53.68
-248364.356   667.653    34.47   56.57
-248078.341   673.760    21.35   66.84
-247792.307   680.230    22.62   70.89
-247506.255   680.518     1.01   74.97
-247220.184   673.447   -24.71   76.19
-246934.095   655.525   -62.63   80.39
-246647.987   631.312   -84.61   90.90
-246361.861   603.938   -95.65   97.18
-246075.717   574.183  -103.96   97.71
-245789.553   547.391   -93.60   93.39
-245503.372   515.089  -112.85   82.82
-245217.172   490.273   -86.69   75.96
-244930.953   473.105   -59.97   75.06
-244644.716   453.878   -67.16   75.54
-244358.460   438.027   -55.36   70.33
-244072.186   433.132   -17.10   66.24
-243785.894   444.568    39.93   79.76
-243499.582   469.997    88.80   94.01
-243213.253   499.690   103.68   93.15
-242926.904   529.378   103.66   81.29
-242640.538   541.993    44.04   74.83
-242354.152   549.852    27.43   76.79
-242067.748   548.792    -3.70   79.79
-241781.326   546.927    -6.51   73.79
-241494.885   557.530    37.01   69.90
-241208.425   567.299    34.10   72.09
-240921.947   586.771    67.95   66.20
-240635.451   610.978    84.48   63.30
-240348.935   635.470    85.46   60.75
-240062.401   649.984    50.64   65.01
-239775.849   677.937    97.53   59.11
-239489.278   696.685    65.41   59.46
-239202.688   719.820    80.71   62.72
-238916.080   743.565    82.83   70.01
-238629.454   771.716    98.19   77.54
-238342.808   786.407    51.24   68.91
-238056.144   781.921   -15.65   79.74
-237769.462   757.112   -86.52  105.16
-237482.761   713.284  -152.84  134.35
-237196.041   642.694  -246.15  153.79
-236909.302   569.300  -255.91  149.02
-236622.545   499.338  -243.92  120.26
-236335.770   437.198  -216.64   96.55
-236048.975   395.786  -144.37   77.11
-235762.162   363.826  -111.41   56.73
-235475.331   340.811   -80.22   44.16
-235188.481   327.473   -46.49   43.59
-234901.612   310.060   -60.69   40.88
-234614.724   296.954   -45.67   37.79
-234327.818   282.568   -50.13   36.52
-234040.894   270.512   -42.01   35.41
-233753.950   261.957   -29.81   33.28
-233466.988   250.430   -40.16   31.36
-233180.007   240.014   -36.29   32.78
-232893.008   231.365   -30.13   33.53
-232605.990   218.852   -43.59   33.27
-232318.953   207.105   -40.92   30.80
-232031.897   196.765   -36.01   25.56
-231744.823   187.431   -32.51   17.27
-231457.730   181.461   -20.79   14.80
-231170.619   177.269   -14.60   14.23
-230883.488   173.681   -12.49   12.27
-230596.339   174.984     4.54   13.79
-230309.172   175.194     0.73   15.98
-230021.985   176.287     3.81   17.34
-229734.780   178.023     6.04   18.82
-229447.556   182.098    14.19   21.98
-229160.314   189.064    24.24   30.38
-228873.052   199.073    34.84   40.86
-228585.772   215.247    56.29   55.71
-228298.473   246.232   107.83   80.48
-228011.156   281.244   121.83  102.01
-227723.820   312.668   109.34  112.14
-227436.465   347.178   120.07  114.14
-227149.091   375.833    99.69  113.12
-226861.698   410.625   121.04  111.15
-226574.287   437.312    92.84  107.11
-226286.857   454.058    58.25   96.57
-225999.408   459.445    18.74   84.41
-225711.941   458.310    -3.95   84.59
-225424.454   443.310   -52.17   96.50
-225136.949   409.189  -118.65  108.49
-224849.425   375.152  -118.36  103.26
-224561.882   351.898   -80.86   93.39
-224274.321   331.632   -70.46   82.03
-223986.740   306.534   -87.25   78.19
-223699.141   290.602   -55.39   69.99
-223411.523   279.352   -39.11   67.92
-223123.887   276.155   -11.11   66.50
-222836.231   263.744   -43.14   66.10
-222548.557   246.852   -58.71   63.92
-222260.864   233.571   -46.16   60.94
-221973.151   220.790   -44.41   65.23
-221685.421   203.245   -60.96   67.10
-221397.671   187.694   -54.03   63.71
-221109.902   177.339   -35.98   55.89
-220822.115   172.181   -17.92   47.46
-220534.309   167.352   -16.77   42.55
-220246.484   161.131   -21.61   44.86
-219958.640   161.730     2.08   47.23
-219670.777   152.865   -30.79   50.54
-219382.895   136.740   -56.00   50.62
-219094.995   119.049   -61.44   41.40
-218807.075   105.218   -48.03   30.28
-218519.137    97.562   -26.58   24.91
-218231.180    96.326    -4.29   25.42
-217943.204    99.752    11.89   31.18
-217655.209   103.429    12.77   37.25
-217367.195   103.525     0.33   37.81
-217079.163    99.510   -13.94   34.08
-216791.111    92.138   -25.59   28.53
-216503.041    85.298   -23.74   22.05
-216214.951    77.064   -28.58   15.34
-215926.843    72.338   -16.40   11.31
-215638.716    69.352   -10.36    9.21
-215350.569    66.944    -8.35    8.91
-215062.404    64.391    -8.86    8.57
-214774.220    62.963    -4.96    8.90
-214486.017    61.299    -5.77    9.53
-214197.795    60.285    -3.52   10.40
-213909.555    58.954    -4.62   11.57
-213621.295    58.434    -1.81   11.02
-213333.016    53.062   -18.63   15.90
-213044.719    46.418   -23.04   19.36
-212756.402    43.730    -9.32   19.14
-212468.066    43.510    -0.76   18.92
-212179.712    44.668     4.01   19.32
-211891.338    49.677    17.37   19.52
-211602.946    52.852    11.01   18.46
-211314.534    58.970    21.21   11.58
-211026.104    61.512     8.81    7.38
-210737.654    61.272    -0.83    6.57
-210449.186    60.601    -2.32    6.37
-210160.699    59.831    -2.67    6.22
-209872.192    59.757    -0.26    6.23
-209583.667    59.651    -0.37    6.41
-209295.122    58.482    -4.05    7.12
-209006.559    56.839    -5.69    7.27
-208717.976    55.519    -4.57    7.69
-208429.375    54.365    -4.00    6.65
-208140.755    53.536    -2.87    6.97
-207852.115    52.282    -4.35    7.39
-207563.456    52.393     0.38    7.78
-207274.779    52.405     0.04    7.06
-206986.082    52.716     1.08    6.39
-206697.367    53.497     2.70    7.04
-206408.632    54.495     3.46    7.23
-206119.878    54.805     1.07    7.46
-205831.105    54.365    -1.52    7.19
-205542.313    53.618    -2.59    7.12
-205253.502    53.168    -1.56    6.64
-204964.672    53.952     2.71    6.38
-204675.823    55.432     5.12    7.00
-204386.955    57.518     7.22    6.87
-204098.068    59.283     6.11    6.73
-203809.162    60.738     5.04    6.14
-203520.236    61.655     3.17    5.41
-203231.292    61.707     0.18    4.87
-202942.328    61.313    -1.36    5.20
-202653.345    60.391    -3.19    6.20
-202364.344    59.018    -4.75    6.93
-202075.323    58.852    -0.58    6.78
-201786.283    59.935     3.75    6.45
-201497.224    60.207     0.94    6.42
-201208.145    59.725    -1.67    5.88
-200919.048    60.098     1.29    5.20
-200629.931    59.707    -1.35    5.45
-200340.796    58.916    -2.73    5.36
-200051.641    58.189    -2.51    5.21
-199762.467    57.872    -1.10    5.39
-199473.274    57.196    -2.33    5.45
-199184.062    56.014    -4.09    5.73
-198894.830    54.997    -3.52    6.29
-198605.580    53.201    -6.21    6.80
-198316.310    50.790    -8.33    7.16
-198027.021    49.105    -5.82    7.16
-197737.713    48.313    -2.74    7.01
-197448.386    47.827    -1.68    6.49
-197159.040    47.931     0.36    6.09
-196869.674    49.326     4.82    6.57
-196580.289    51.155     6.32    6.22
-196290.885    52.744     5.49    6.15
-196001.462    53.657     3.15    6.00
-195712.020    54.584     3.20    5.84
-195422.558    56.072     5.14    5.38
-195133.077    57.498     4.93    5.11
-194843.577    59.023     5.27    5.77
-194554.058    60.261     4.28    6.05
-194264.520    61.698     4.96    6.52
-193974.962    62.760     3.66    7.09
-193685.385    62.578    -0.63    8.14
-193395.789    61.968    -2.11    8.75
-193106.174    61.760    -0.72    8.72
-192816.539    61.273    -1.68    8.34
-192526.885    61.735     1.59    7.96
-192237.212    63.053     4.55    7.49
-191947.520    65.183     7.35    7.67
-191657.808    66.898     5.92    7.60
-191368.077    69.122     7.67    6.33
-191078.327    70.707     5.47    5.34
-190788.558    71.005     1.03    5.40
-190498.769    71.497     1.70    5.73
-190208.961    71.433    -0.22    5.72
-189919.134    71.530     0.33    5.93
-189629.287    71.589     0.20    6.00
-189342.724    72.170     2.03    6.27
-189056.937    72.456     1.00    6.10
-188771.131    72.765     1.08    6.08
-188485.307    72.859     0.33    6.45
-188199.464    73.326     1.63    6.58
-187913.602    73.589     0.92    7.02
-187627.722    73.608     0.07    6.89
-187341.824    73.027    -2.03    6.73
-187055.906    72.799    -0.80    6.83
-186769.970    72.049    -2.62    7.27
-186484.015    71.338    -2.49    7.33
-186198.042    71.339     0.00    7.03
-185912.050    70.615    -2.53    6.91
-185626.039    70.168    -1.56    6.73
-185340.010    70.560     1.37    5.97
-185053.962    70.681     0.42    5.73
-184767.895    70.898     0.76    5.43
-184481.810    70.612    -1.00    5.25
-184195.706    70.485    -0.44    5.05
-183909.583    70.831     1.21    4.81
-183623.442    70.036    -2.78    5.29
-183337.281    68.036    -6.99    6.46
-183051.103    66.798    -4.33    6.35
-182764.905    67.010     0.74    6.98
-182478.689    67.431     1.47    7.42
-182192.454    68.523     3.81    8.56
-181906.200    70.288     6.17    9.12
-181619.927    72.014     6.03    8.41
-181333.636    73.707     5.91    7.68
-181047.326    74.072     1.27    7.15
-180760.998    72.938    -3.96    6.30
-180474.650    71.406    -5.35    5.11
-180188.284    71.073    -1.16    4.92
-179901.899    70.458    -2.15    5.14
-179615.496    69.138    -4.61    4.79
-179329.073    68.155    -3.43    4.58
-179042.632    67.352    -2.80    4.58
-178756.172    66.609    -2.59    4.68
-178469.694    66.006    -2.10    5.48
-178183.196    65.327    -2.37    5.78
-177896.680    64.168    -4.04    5.77
-177610.145    63.118    -3.66    5.77
-177323.591    60.765    -8.21    7.20
-177037.019    58.798    -6.86    7.46
-176750.427    57.185    -5.63    7.21
-176463.817    56.940    -0.85    6.68
-176177.188    56.098    -2.94    6.49
-175890.540    55.760    -1.18    6.39
-175603.874    56.865     3.85    7.08
-175317.189    58.118     4.37    7.21
-175030.484    57.032    -3.79    8.29
-174743.761    56.405    -2.19    8.80
-174457.019    54.638    -6.16    9.50
-174170.259    53.676    -3.35    9.86
-173883.479    52.041    -5.70   10.17
-173596.681    50.339    -5.93    9.39
-173309.864    49.269    -3.73    8.12
-173023.028    48.497    -2.69    7.92
-172736.173    48.313    -0.64    7.77
-172449.299    47.027    -4.48    7.05
-172162.407    46.160    -3.02    6.55
-171875.495    46.207     0.16    6.69
-171588.565    46.622     1.44    6.86
-171301.616    46.457    -0.57    6.96
-171014.648    46.041    -1.45    6.56
-170727.661    44.838    -4.19    6.39
-170440.655    44.198    -2.23    6.05
-170153.630    43.036    -4.05    5.88
-169866.587    42.218    -2.85    5.56
-169579.524    42.406     0.65    5.41
-169292.443    42.773     1.28    5.69
-169005.343    42.976     0.71    5.24
-168718.223    43.235     0.90    4.73
-168431.085    43.955     2.51    4.62
-168143.928    44.560     2.11    4.70
-167856.752    45.641     3.77    5.01
-167569.558    46.865     4.26    5.65
-167282.344    48.500     5.69    5.54
-166995.111    49.744     4.33    5.65
-166707.860    51.132     4.83    5.89
-166420.589    52.232     3.83    5.91
-166133.299    53.578     4.69    5.49
-165845.991    54.638     3.69    5.23
-165558.664    55.248     2.12    4.72
-165271.317    55.724     1.66    4.24
-164983.952    55.260    -1.62    4.31
-164696.568    54.534    -2.53    4.87
-164409.164    54.297    -0.83    4.91
-164121.742    53.798    -1.74    4.73
-163834.301    53.497    -1.05    4.67
-163546.841    52.639    -2.98    6.03
-163259.362    51.885    -2.62    6.18
-162971.864    50.326    -5.42    6.82
-162684.346    49.118    -4.20    6.42
-162396.810    47.827    -4.49    5.35
-162109.255    47.707    -0.42    5.55
-161821.681    47.456    -0.87    5.50
-161534.088    47.300    -0.54    5.84
-161246.476    46.778    -1.81    5.86
-160958.845    46.865     0.30    5.62
-160671.194    47.726     2.99    5.22
-160383.525    47.338    -1.35    5.43
-160095.837    46.392    -3.29    5.69
-159808.130    45.560    -2.89    5.71
-159520.403    43.993    -5.44    5.90
-159232.658    42.173    -6.33    5.72
-158944.894    40.205    -6.84    6.17
-158657.110    38.157    -7.11    6.42
-158369.308    35.612    -8.84    6.25
-158081.486    33.176    -8.46    5.59
-157793.646    32.207    -3.36    5.73
-157505.786    31.957    -0.87    6.75
-157217.907    31.757    -0.70    7.46
-156930.009    32.230     1.64    7.78
-156642.092    32.155    -0.26    7.78
-156354.157    32.089    -0.23    7.20
-156066.201    30.963    -3.91    7.08
-155778.227    29.560    -4.87    7.18
-155490.234    26.937    -9.11    6.94
-155202.222    24.062    -9.98    7.59
-154914.190    21.271    -9.69    7.92
-154626.140    19.458    -6.29    7.49
-154338.070    17.036    -8.41    6.71
-154049.981    14.707    -8.08    7.30
-153761.873    11.685   -10.49    7.92
-153473.746     7.313   -15.17   12.23
-153185.600     2.673   -16.10   13.81
-152897.435    -0.891   -12.37   14.24
-152609.250    -4.492   -12.49   13.96
-152321.047    -5.951    -5.06   13.84
-152032.824    -5.674     0.96   14.67
-151744.582    -3.475     7.63   15.18
-151456.321    -2.227     4.33   15.27
-151168.041    -2.361    -0.46   15.46
-150879.742    -2.027     1.16   15.48
-150591.423     1.444    12.04   15.87
-150303.086     2.846     4.86   17.64
-150014.729     2.981     0.47   17.95
-149726.353     2.234    -2.59   18.50
-149437.958     3.506     4.41   17.37
-149149.543     3.716     0.73   17.15
-148861.110     2.312    -4.87   15.76
-148572.657     3.216     3.14   14.67
-148284.185     5.518     7.98   13.10
-147995.694     8.898    11.72   11.59
-147707.183    12.098    11.09    7.47
-147418.654    12.807     2.45    6.72
-147130.105    12.327    -1.66    6.97
-146841.537    12.557     0.80    8.48
-146552.950     9.694    -9.92   12.09
-146264.343     8.729    -3.34   12.61
-145975.718     6.898    -6.34   12.91
-145687.073     6.081    -2.83   13.12
-145398.408     6.655     1.99   13.66
-145109.725     8.523     6.47   13.42
-144821.022    10.000     5.12   12.06
-144532.300    11.272     4.40   11.34
-144243.559    14.076     9.71   10.30
-143954.799    17.470    11.75   10.52
-143666.019    21.144    12.72   10.72
-143377.220    23.781     9.13    9.95
-143088.402    25.105     4.59    8.44
-142799.564    26.925     6.30    6.80
-142510.708    28.068     3.96    5.50
-142221.831    28.220     0.53    5.29
-141932.936    28.324     0.36    5.37
-141644.021    27.284    -3.60    5.35
-141355.087    26.325    -3.32    6.37
-141066.134    25.339    -3.41    7.14
-140777.162    24.898    -1.53    7.10
-140488.170    24.622    -0.96    7.13
-140199.158    24.931     1.07    6.40
-139910.128    25.273     1.18    6.43
-139621.078    26.906     5.65    6.08
-139332.009    27.458     1.91    6.15
-139042.920    26.812    -2.23    6.76
-138753.812    25.825    -3.42    7.29
-138464.685    25.742    -0.29    8.25
-138175.539    25.638    -0.36    8.91
-137886.373    23.963    -5.79    9.28
-137597.188    23.801    -0.56    8.35
-137307.983    22.391    -4.88    8.38
-137018.759    23.194     2.78    7.81
-136729.516    23.045    -0.51    7.20
-136440.253    22.602    -1.53    6.29
-136150.971    22.694     0.32    5.30
-135861.669    22.458    -0.81    5.19
-135572.349    21.525    -3.23    5.37
-135283.008    21.560     0.12    4.97
-134993.649    22.916     4.69    5.69
-134704.270    23.931     3.51    6.48
-134414.871    25.109     4.07    7.11
-134125.453    26.023     3.16    7.76
-133836.016    27.273     4.32    7.46
-133546.559    29.379     7.27    7.01
-133257.083    30.879     5.18    7.43
-132967.588    32.138     4.35    7.10
-132678.073    33.445     4.51    7.25
-132388.539    34.984     5.31    7.28
-132098.985    37.589     9.00    7.40
-131809.412    39.339     6.04    7.54
-131519.819    41.444     7.27    7.48
-131230.207    42.235     2.73    7.20
-130940.575    44.299     7.13    7.06
-130650.924    46.487     7.55    6.50
-130361.254    47.905     4.89    6.93
-130071.564    49.965     7.11    6.29
-129781.854    51.965     6.90    6.15
-129492.126    53.482     5.23    6.25
-129202.377    54.456     3.36    6.10
-128912.609    54.173    -0.98    6.15
-128622.822    54.160    -0.04    6.32
-128333.015    54.664     1.74    7.25
-128043.189    54.615    -0.17    8.04
-127753.343    55.032     1.44    8.73
-127464.220    56.010     3.38   10.03
-127178.483    56.744     2.57    9.61
-126892.727    56.311    -1.51    8.72
-126606.952    55.960    -1.23    8.41
-126321.158    55.157    -2.81    8.81
-126035.346    53.391    -6.18    8.78
-125749.514    53.062    -1.15    8.49
-125463.664    53.456     1.38    8.81
-125177.795    53.677     0.77    8.63
-124891.907    54.508     2.91    8.38
-124606.000    54.820     1.09    7.84
-124320.075    54.257    -1.97    7.44
-124034.131    52.707    -5.42    7.90
-123748.167    52.036    -2.35    7.45
-123462.185    52.879     2.95    7.93
-123176.184    53.698     2.87    8.65
-122890.164    54.470     2.70    9.23
-122604.125    54.495     0.09    9.42
-122318.068    53.942    -1.93    9.67
-122031.991    53.865    -0.27    9.60
-121745.896    53.109    -2.64    9.97
-121459.782    52.170    -3.28    9.64
-121173.648    53.068     3.14    9.50
-120887.496    54.014     3.31    9.91
-120601.325    54.703     2.41   10.84
-120315.135    56.549     6.45   12.17
-120028.927    59.457    10.16   12.57
-119742.699    63.325    13.51   12.50
-119456.452    64.570     4.35   12.94
-119170.187    66.586     7.04   13.29
-118883.902    69.286     9.43   12.79
-118597.599    70.469     4.13   13.55
-118311.276    72.134     5.82   13.72
-118024.935    70.976    -4.05   14.24
-117738.575    69.485    -5.20   13.97
-117452.196    69.218    -0.93   14.19
-117165.797    68.173    -3.65   13.42
-116879.380    66.220    -6.82   12.07
-116592.944    64.595    -5.67   10.63
-116306.489    64.352    -0.85   10.53
-116020.015    64.712     1.26   11.07
-115733.522    64.904     0.67   10.69
-115447.010    66.314     4.92   12.55
-115160.479    68.859     8.88   13.86
-114873.929    72.160    11.52   13.99
-114587.360    76.053    13.58   13.26
-114300.772    78.313     7.88   11.32
-114014.166    81.176     9.99   10.81
-113727.540    81.312     0.48   10.02
-113440.895    81.812     1.74   10.45
-113154.231    83.525     5.97   10.11
-112867.548    87.845    15.07    9.98
-112580.846    93.062    18.20   12.65
-112294.125   100.589    26.25   18.09
-112007.385   106.839    21.80   18.97
-111720.626   110.122    11.44   17.21
-111433.848   113.378    11.35   16.00
-111147.051   115.599     7.74   14.64
-110860.234   116.326     2.54   14.97
-110573.399   114.747    -5.51   14.02
-110286.545   114.461    -1.00   13.54
-109999.672   115.260     2.78   13.45
-109712.779   116.005     2.60   13.21
-109425.868   115.757    -0.86   13.33
-109138.937   115.820     0.22   13.20
-108851.988   115.724    -0.33   13.46
-108565.019   116.247     1.82   12.86
-108278.031   118.898     9.24   15.15
-107991.025   126.612    26.88   22.22
-107703.999   139.352    44.38   31.83
-107416.954   160.512    73.71   42.34
-107129.890   186.058    88.98   51.67
-106842.806   213.831    96.73   61.52
-106555.704   243.643   103.83   66.14
-106268.583   269.685    90.69   59.65
-105981.442   288.138    64.26   47.21
-105694.282   303.235    52.57   35.54
-105407.104   320.079    58.65   31.43
-105119.906   335.989    55.39   37.04
-104832.689   352.737    58.31   45.64
-104545.453   366.660    48.47   50.35
-104258.197   380.092    46.76   50.85
-103970.923   387.446    25.60   47.31
-103683.629   386.672    -2.70   47.86
-103396.316   383.549   -10.87   51.47
-103108.985   379.825   -12.96   52.88
-102821.634   370.010   -34.15   54.87
-102534.263   363.872   -21.36   51.83
-102246.874   364.196     1.13   50.26
-101959.465   365.456     4.38   48.77
-101672.038   369.570    14.31   45.27
-101384.591   370.929     4.73   40.27
-101097.125   370.885    -0.16   28.90
-100809.639   371.272     1.35   20.88
-100522.135   373.081     6.29   16.22
-100234.611   371.786    -4.50   16.08
 -99947.068   371.689    -0.34   17.90
 -99659.506   371.444    -0.85   20.49
 -99371.925   368.485   -10.29   23.81
 -99084.324   365.001   -12.11   26.30
 -98796.705   358.403   -22.94   29.71
 -98509.066   349.134   -32.22   32.07
 -98221.408   340.378   -30.44   33.02
 -97933.730   328.378   -41.71   31.54
 -97646.034   316.263   -42.11   32.43
 -97358.318   303.072   -45.84   34.05
 -97070.583   290.391   -44.07   31.39
 -96782.828   279.747   -36.99   27.67
 -96495.055   271.838   -27.48   25.91
 -96207.262   266.406   -18.87   24.25
 -95919.450   262.792   -12.56   25.33
 -95631.618   259.430   -11.68   28.29
 -95343.767   254.301   -17.82   28.72
 -95055.898   250.799   -12.16   28.62
 -94768.008   245.794   -17.39   28.65
 -94480.100   239.170   -23.00   28.93
 -94192.172   229.273   -34.37   27.84
 -93904.225   222.744   -22.67   25.48
 -93616.259   222.036    -2.46   25.99
 -93328.273   225.431    11.79   29.46
 -93040.268   233.178    26.90   37.80
 -92752.244   245.040    41.18   47.17
 -92464.200   255.724    37.09   50.05
 -92176.137   262.429    23.27   50.58
 -91888.055   268.555    21.26   52.67
 -91599.953   269.352     2.77   51.77
 -91311.833   274.365    17.40   51.70
 -91023.692   272.469    -6.58   49.79
 -90735.533   267.285   -17.99   42.56
 -90447.354   271.247    13.75   38.39
 -90159.156   274.792    12.30   35.47
 -89870.938   279.405    16.01   34.32
 -89582.701   285.586    21.44   33.41
 -89294.445   291.183    19.42   32.98
 -89006.169   296.339    17.88   35.17
 -88717.874   302.794    22.39   40.02
 -88429.560   311.186    29.10   44.07
 -88141.226   321.609    36.15   45.39
 -87852.873   333.245    40.35   46.88
 -87564.501   344.487    38.98   49.69
 -87276.109   354.552    34.90   49.65
 -86987.697   365.625    38.39   48.58
 -86699.267   368.805    11.02   47.81
 -86410.817   374.592    20.06   46.54
 -86122.347   385.612    38.20   45.28
 -85833.858   395.742    35.11   45.19
 -85545.350   405.274    33.04   46.19
 -85256.822   419.937    50.81   42.23
 -84968.275   426.898    24.12   37.42
 -84679.709   433.833    24.03   32.02
 -84391.123   440.095    21.70   29.93
 -84102.517   444.865    16.53   28.29
 -83813.892   449.812    17.14   26.15
 -83525.248   455.285    18.96   24.92
 -83236.584   462.647    25.50   24.43
 -82947.901   469.638    24.21   23.14
 -82659.199   475.181    19.20   21.53
 -82370.476   481.326    21.28   19.34
 -82081.735   482.833     5.22   19.91
 -81792.974   479.519   -11.48   27.20
 -81504.193   475.378   -14.34   31.48
 -81215.393   470.339   -17.45   34.37
 -80926.574   465.925   -15.28   35.75
 -80637.735   465.312    -2.12   34.02
 -80348.876   464.205    -3.83   30.13
 -80059.999   464.273     0.24   24.97
 -79771.101   461.560    -9.39   26.42
 -79482.184   454.664   -23.87   32.99
 -79193.248   446.083   -29.70   36.50
 -78904.292   434.989   -38.39   39.48
 -78615.316   424.742   -35.46   40.16
 -78326.321   413.135   -40.16   39.82
 -78037.307   405.457   -26.56   37.43
 -77748.273   396.435   -31.21   39.55
 -77459.219   388.392   -27.82   39.71
 -77170.146   382.299   -21.07   38.63
 -76881.054   370.416   -41.10   39.29
 -76591.941   355.391   -51.97   38.65
 -76302.810   345.885   -32.88   36.48
 -76013.658   335.547   -35.75   34.31
 -75724.487   330.724   -16.68   33.71
 -75435.297   330.186    -1.86   35.18
 -75146.087   331.925     6.01   36.50
 -74856.858   331.431    -1.71   36.80
 -74567.608   328.523   -10.05   36.88
 -74278.340   316.635   -41.09   42.28
 -73989.051   301.596   -51.98   48.04
 -73699.744   284.950   -57.53   49.73
 -73410.416   269.827   -52.27   47.61
 -73121.069   255.134   -50.77   45.47
 -72831.702   241.198   -48.16   44.41
 -72542.316   230.638   -36.49   47.10
 -72252.910   218.615   -41.54   49.45
 -71963.485   205.207   -46.32   50.97
 -71674.040   189.891   -52.91   51.04
 -71384.575   172.760   -59.18   50.73
 -71095.091   153.618   -66.12   45.77
 -70805.587   135.165   -63.74   39.50
 -70516.063   121.664   -46.63   32.30
 -70226.520   109.794   -40.99   25.28
 -69936.957   101.647   -28.13   19.34
 -69647.374    94.755   -23.80   14.08
 -69357.772    88.365   -22.06    9.00
 -69068.150    83.885   -15.47    7.47
 -68778.509    80.608   -11.31    7.73
 -68488.848    77.005   -12.44    6.85
 -68199.167    75.552    -5.02    6.00
 -67909.466    75.605     0.18    7.33
 -67619.746    76.532     3.20    9.88
 -67330.006    77.096     1.95   10.48
 -67040.247    78.456     4.69   10.41
 -66750.468    79.429     3.36    9.82
 -66460.669    79.976     1.88    7.47
 -66170.850    81.112     3.92    7.00
 -65881.012    82.272     4.00    6.42
 -65591.154    83.141     3.00    5.63
 -65303.540    82.918    -0.78    5.36
 -65017.820    82.058    -3.01    5.12
 -64732.082    80.006    -7.18    5.48
 -64446.324    77.796    -7.74    6.58
 -64160.548    75.079    -9.50    7.02
 -63874.752    73.612    -5.13    7.09
 -63588.938    72.942    -2.34    8.10
 -63303.104    72.057    -3.09    8.64
 -63017.252    72.053    -0.01    8.50
 -62731.380    73.431     4.82    9.26
 -62445.489    73.805     1.31    9.20
 -62159.580    74.041     0.82    8.83
 -61873.651    74.023    -0.06    7.82
 -61587.703    72.865    -4.05    8.28
 -61301.736    70.365    -8.74    8.16
 -61015.750    66.992   -11.79    8.35
 -60729.745    63.083   -13.67    7.89
 -60443.721    59.993   -10.80    7.05
 -60157.678    57.014   -10.41    6.65
 -59871.616    54.170    -9.94    5.52
 -59585.534    52.794    -4.81    4.62
 -59299.434    51.096    -5.93    4.36
 -59013.314    49.418    -5.86    4.42
 -58727.176    48.072    -4.70    5.02
 -58441.018    46.181    -6.61    5.94
 -58154.841    43.608    -8.99    7.35
 -57868.645    40.865    -9.58    7.88
 -57582.430    37.234   -12.69    7.73
 -57296.196    34.118   -10.88    7.40
 -57009.943    30.981   -10.96    7.17
 -56723.670    27.801   -11.11    6.19
 -56437.379    25.622    -7.61    5.40
 -56151.068    23.664    -6.84    4.89
 -55864.738    22.105    -5.44    4.56
 -55578.389    21.053    -3.67    4.38
 -55292.021    20.391    -2.31    4.55
 -55005.634    20.108    -0.99    4.84
 -54719.228    19.589    -1.81    4.91
 -54432.802    18.707    -3.08    4.69
 -54146.358    18.898     0.67    5.88
 -53859.894    19.686     2.75    6.44
 -53573.411    20.570     3.09    7.82
 -53286.908    23.634    10.69   11.27
 -53000.387    28.070    15.48   13.84
 -52713.846    30.468     8.37   13.84
 -52427.287    31.251     2.73   13.12
 -52140.708    31.417     0.58   13.08
 -51854.110    32.272     2.98   12.23
 -51567.492    31.165    -3.86   11.78
 -51280.856    28.712    -8.56   10.52
 -50994.200    26.968    -6.08    9.76
 -50707.525    25.778    -4.15    9.82
 -50420.831    26.938     4.05    9.63
 -50134.117    29.924    10.41    8.96
 -49847.385    32.428     8.73    8.97
 -49560.633    33.300     3.04    8.72
 -49273.862    33.198    -0.35    9.00
 -48987.071    35.083     6.57    8.50
 -48700.262    35.703     2.16    8.17
 -48413.433    37.083     4.81    9.26
 -48126.585    37.112     0.10    8.82
 -47839.718    36.194    -3.20    8.31
 -47552.831    35.562    -2.20    8.39
 -47265.925    35.605     0.15    7.96
 -46979.000    36.207     2.10    7.60
 -46692.056    38.207     6.97   10.21
 -46405.092    43.053    16.89   17.74
 -46118.109    53.775    37.36   30.30
 -45831.107    67.698    48.51   43.83
 -45544.085    92.504    86.42   70.32
 -45257.045   123.742   108.82   86.48
 -44969.985   153.681   104.29   88.91
 -44682.905   173.098    67.64   78.11
 -44395.806   188.839    54.82   69.76
 -44108.688   188.298    -1.89   66.03
 -43821.551   179.694   -29.96   69.06
 -43534.394   169.258   -36.34   70.55
 -43247.218   146.288   -79.98   69.81
 -42960.023   121.609   -85.93   54.14
 -42672.809   101.429   -70.26   39.75
 -42385.575    89.958   -39.94   34.93
 -42098.321    80.814   -31.83   32.09
 -41811.049    72.583   -28.65   30.38
 -41523.757    62.237   -36.01   27.57
 -41236.445    51.525   -37.28   19.49
 -40949.115    45.181   -22.08   19.34
 -40661.765    38.957   -21.66   16.19
 -40374.395    37.010    -6.78   15.85
 -40087.007    35.992    -3.54   15.50
 -39799.598    36.720     2.53   16.50
 -39512.171    37.872     4.01   16.86
 -39224.724    39.314     5.02   15.98
 -38937.258    40.775     5.08   15.80
 -38649.772    40.775     0.00   15.60
 -38362.267    40.287    -1.70   17.64
 -38074.742    39.273    -3.53   20.76
 -37787.199    37.698    -5.48   23.00
 -37499.635    32.378   -18.50   20.49
 -37212.053    28.523   -13.41   18.58
 -36924.451    26.852    -5.81   17.87
 -36636.829    25.618    -4.29   17.90
 -36349.188    26.686     3.71   18.84
 -36061.528    27.213     1.83   19.12
 -35773.848    28.468     4.36   17.46
 -35486.149    29.907     5.00   16.11
 -35198.430    31.768     6.47   17.65
 -34910.692    34.750    10.36   19.12
 -34622.934    36.647     6.59   18.45
 -34335.157    40.165    12.22   17.01
 -34047.361    42.615     8.51   17.40
 -33759.545    45.181     8.91   17.70
 -33471.709    48.905    12.94   16.60
 -33183.855    52.685    13.13   16.72
 -32895.980    58.365    19.73   18.18
 -32608.086    63.053    16.28   17.43
 -32320.173    67.599    15.79   16.59
 -32032.240    66.555    -3.63   18.54
 -31744.288    65.183    -4.76   18.74
 -31456.316    63.183    -6.94   18.05
 -31168.325    60.405    -9.65   17.43
 -30880.314    58.365    -7.08   17.55
 -30592.284    59.826     5.07   16.48
 -30304.234    63.432    12.52   15.29
 -30016.165    66.992    12.36   14.70
 -29728.076    70.628    12.62   12.82
 -29439.967    73.454     9.81   11.81
 -29151.839    74.788     4.63   11.23
 -28863.692    74.768    -0.07   12.32
 -28575.525    74.118    -2.25   14.27
 -28287.339    73.186    -3.24   16.20
 -27999.132    70.173   -10.45   18.85
 -27710.907    67.018   -10.94   20.08
 -27422.662    66.472    -1.90   21.37
 -27134.397    65.681    -2.74   21.49
 -26846.113    67.418     6.03   24.90
 -26557.809    72.194    16.56   33.28
 -26269.485    79.109    23.98   37.20
 -25981.142    87.032    27.48   39.20
 -25692.780    94.656    26.44   36.97
 -25404.397   105.599    37.94   33.65
 -25115.996   108.985    11.74   32.59
 -24827.574   104.211   -16.55   34.61
 -24539.133    98.036   -21.41   35.68
 -24250.673    91.997   -20.94   34.82
 -23962.193    86.138   -20.31   32.86
 -23673.693    85.128    -3.50   35.33
 -23385.173    91.245    21.20   41.60
 -23096.634    95.125    13.45   43.29
 -22808.076   100.775    19.58   43.18
 -22519.497   107.960    24.90   39.19
 -22230.899   112.045    14.15   33.63
 -21942.282   112.301     0.89   30.58
 -21653.645   108.703   -12.47   30.30
 -21364.988    95.418   -46.02   42.13
 -21076.311    75.326   -69.60   48.06
 -20787.615    54.326   -72.74   48.27
 -20498.899    47.273   -24.43   45.70
 -20210.164    42.010   -18.23   42.60
 -19921.409    38.924   -10.69   36.75
 -19632.634    40.224     4.50   33.73
 -19343.839    43.441    11.14   31.92
 -19055.025    50.976    26.09   28.94
 -18766.191    51.482     1.75   20.69
 -18477.338    49.737    -6.04   14.70
 -18188.465    49.859     0.42   13.16
 -17899.572    52.431     8.90   13.22
 -17610.659    57.497    17.53   12.50
 -17321.727    62.891    18.67   10.88
 -17032.775    68.205    18.39   11.91
 -16743.803    79.314    38.44   24.25
 -16454.811    92.647    46.14   38.53
 -16165.800   108.378    54.43   48.78
 -15876.769   118.803    36.07   48.85
 -15587.718   123.801    17.29   47.26
 -15298.648   124.846     3.62   50.05
 -15009.558   119.429   -18.74   52.87
 -14720.448   110.605   -30.52   57.52
 -14431.318    96.049   -50.34   57.88
 -14142.169    77.058   -65.68   48.77
 -13853.000    60.429   -57.51   30.63
 -13563.811    50.431   -34.57   17.73
 -13274.602    46.352   -14.10   11.37
 -12985.374    46.609     0.89   11.55
 -12696.125    48.950     8.09   12.58
 -12406.857    50.821     6.47   12.35
 -12117.569    54.196    11.67   10.95
 -11828.262    57.085     9.99   15.20
 -11538.934    59.392     7.97   25.88
 -11249.587    58.818    -1.98   34.93
 -10960.220    58.957     0.48   41.81
 -10670.833    55.418   -12.23   44.54
 -10381.427    48.472   -24.00   47.25
 -10092.000    39.968   -29.38   51.33
  -9802.554    29.985   -34.49   47.71
  -9513.088    19.981   -34.56   43.44
  -9223.602     8.173   -40.79   31.70
  -8934.096     2.274   -20.37   22.07
  -8644.571     3.312     3.59   28.12
  -8355.025     8.181    16.81   37.29
  -8065.460    11.418    11.18   43.63
  -7775.875    11.072    -1.19   42.60
  -7486.270    10.312    -2.62   41.05
  -7196.645     6.314   -13.81   23.85
  -6907.000     6.493     0.62   18.42
  -6617.335    11.891    18.63   22.77
  -6327.651    17.638    19.84   27.57
  -6037.947    27.118    32.72   32.61
  -5748.222    33.001    20.31   33.86
  -5458.478    39.455    22.27   34.07
  -5168.714    45.641    21.35   33.69
  -4878.930    49.707    14.03   32.00
  -4589.127    48.484    -4.22   32.73
  -4299.303    44.378   -14.16   33.10
  -4009.459    41.391   -10.31   34.57
  -3719.596    37.340   -13.98   35.93
  -3429.712    29.481   -27.11   34.83
  -3143.646    26.450   -10.59   35.60
  -2857.962    19.768   -23.39   33.09
  -2572.260    13.019   -23.62   27.60
  -2286.538     9.314   -12.97   24.90
  -2000.797     5.138   -14.61   19.15
  -1715.037     1.641   -12.24   10.04
  -1429.257     4.220     9.02   17.42
  -1143.458     7.339    10.91   23.22
   -857.640    10.181     9.94   28.68
   -571.803    13.049    10.04   31.27
   -285.947    16.950    13.64   36.62
     -0.071    18.763     6.34   40.23
    285.823    16.596    -7.58   39.94
    571.738    14.468    -7.44   36.91
    857.671    14.542     0.26   38.10
   1143.623     7.989   -22.92   22.19
   1429.595     5.586    -8.40   11.50
   1715.586     6.057     1.65    8.30
   2001.597     7.378     4.62    8.30
   2287.626     9.234     6.49    8.72
   2573.675     9.194    -0.14    8.69
   2859.743     9.818     2.18    8.90
   3145.831    11.430     5.63   10.90
   3431.938    14.985    12.43   16.07
   3718.064    18.378    11.86   21.18
   4004.209    22.134    13.13   25.63
   4290.374    26.820    16.37   28.83
   4576.558    30.622    13.28   31.55
   4862.761    35.492    17.02   33.26
   5148.983    39.545    14.16   32.65
   5435.225    40.538     3.47   30.47
   5721.486    42.418     6.57   27.76
   6007.767    43.768     4.72   24.95
   6294.067    42.726    -3.64   20.86
   6580.386    42.273    -1.58   18.10
   6866.724    42.898     2.18   17.19
   7153.082    46.742    13.42   19.10
   7439.459    51.365    16.14   20.50
   7725.856    57.137    20.15   20.61
   8012.272    60.557    11.94   20.62
   8298.707    64.390    13.38   18.65
   8585.161    65.313     3.22   19.76
   8871.635    66.454     3.98   18.77
   9158.129    67.340     3.09   19.54
   9444.641    69.018     5.86   21.87
   9731.174    70.668     5.76   22.18
  10017.725    72.141     5.14   22.24
  10304.296    72.497     1.24   22.30
  10590.886    72.339    -0.55   20.25
  10877.496    72.326    -0.05   18.89
  11164.125    70.001    -8.11   17.84
  11450.773    68.287    -5.98   17.97
  11737.441    63.493   -16.72   21.59
  12024.128    58.634   -16.95   25.03
  12310.835    52.429   -21.64   28.42
  12597.561    46.989   -18.98   30.07
  12884.306    40.196   -23.69   29.81
  13171.071    33.898   -21.96   29.36
  13457.856    30.196   -12.91   29.09
  13744.660    26.207   -13.91   27.90
  14031.483    19.747   -22.52   25.10
  14318.326    14.299   -18.99   21.74
  14605.188     9.340   -17.29   15.22
  14892.069     6.454   -10.06    7.75
  15178.970     8.942     8.67   12.67
  15465.891    13.365    15.42   17.68
  15752.831    18.275    17.11   21.20
  16039.790    26.690    29.32   27.30
  16326.769    36.673    34.79   32.03
  16613.768    48.911    42.64   37.29
  16900.786    65.036    56.18   41.16
  17187.823    81.444    57.16   37.36
  17474.880    91.128    33.74   32.91
  17761.956    98.768    26.61   31.28
  18049.052   101.698    10.21   31.48
  18336.167    99.131    -8.94   37.02
  18623.302    93.442   -19.81   41.33
  18910.457    87.673   -20.09   42.35
  19197.631    82.045   -19.60   41.20
  19484.824    80.070    -6.87   39.07
  19772.037    77.326    -9.55   34.54
  20059.270    76.274    -3.66   34.79
  20346.522    80.057    13.17   36.28
  20633.793    86.931    23.93   40.26
  20921.084    96.865    34.58   40.53
  21208.395   106.826    34.67   39.90
  21495.725   120.098    46.19   38.00
  21783.075   131.935    41.19   32.06
  22070.444   138.011    21.14   26.08
  22357.833   135.339    -9.29   29.27
  22645.242   125.575   -33.97   36.79
  22932.670   113.032   -43.64   41.67
  23220.118   102.758   -35.74   43.06
  23507.585    92.530   -35.58   43.64
  23795.072    80.299   -42.54   40.22
  24082.578    68.615   -40.64   35.06
  24370.104    68.470    -0.50   32.73
  24657.650    70.534     7.18   30.07
  24945.215    73.183     9.21   29.87
  25232.800    75.672     8.65   27.46
  25520.404    81.612    20.65   27.82
  25808.028    86.707    17.71   27.62
  26095.672    89.061     8.19   26.17
  26383.335    91.515     8.53   27.17
  26671.018    88.724    -9.70   28.47
  26958.721    84.211   -15.69   32.55
  27246.443    76.845   -25.60   35.92
  27534.185    66.418   -36.24   38.04
  27821.946    54.194   -42.48   35.97
  28109.727    45.852   -28.99   33.22
  28397.528    37.115   -30.36   24.93
  28685.349    36.405    -2.47   24.09
  28973.189    40.352    13.71   26.87
  29261.048    49.028    30.14   32.96
  29548.928    61.783    44.31   39.18
  29836.827    74.801    45.22   43.38
  30124.746    90.720    55.29   45.10
  30412.684   102.852    42.14   42.79
  30700.643   112.808    34.57   36.39
  30988.621   122.707    34.38   26.30
  31276.618   126.786    14.16   22.71
  31564.635   127.681     3.11   22.35
  31852.672   129.672     6.91   20.12
  32140.729   130.622     3.30   18.50
  32428.806   131.099     1.66   18.59
  32716.902   130.160    -3.26   19.13
  33005.018   128.049    -7.33   19.93
  33293.153   119.183   -30.77   19.41
  33581.309   111.519   -26.60   19.32
  33869.484    98.378   -45.60   26.74
  34157.679    85.211   -45.69   33.80
  34445.893    75.432   -33.93   38.54
  34734.128    66.444   -31.18   41.35
  35022.382    57.418   -31.31   43.52
  35310.656    52.430   -17.30   45.65
  35598.949    44.747   -26.65   45.55
  35887.263    40.602   -14.38   46.19
  36175.596    36.796   -13.20   42.16
  36463.949    30.504   -21.82   34.15
  36752.321    27.265   -11.23   27.17
  37040.714    24.827    -8.46   20.93
  37329.126    24.583    -0.84   18.85
  37617.558    24.112    -1.63   15.15
  37906.010    25.632     5.27   14.43
  38194.482    30.102    15.50   16.32
  38482.974    36.085    20.74   19.69
  38771.485    42.510    22.27   24.33
  39060.016    52.418    34.34   32.24
  39348.567    66.878    50.11   43.15
  39637.138    83.489    57.56   52.51
  39925.729   103.096    67.94   61.32
  40214.339   125.442    77.43   72.12
  40502.969   153.237    96.30   76.30
  40791.620   170.634    60.27   73.36
  41080.290   187.740    59.26   63.60
  41368.979   200.404    43.87   48.46
  41657.689   205.207    16.64   39.48
  41946.419   206.141     3.24   34.70
  42235.168   202.805   -11.55   35.20
  42523.937   188.190   -50.61   43.95
  42812.727   173.631   -50.42   47.68
  43101.536   155.301   -63.47   50.80
  43390.365   135.196   -69.61   52.51
  43679.214   115.656   -67.65   49.18
  43968.082    99.327   -56.53   44.64
  44256.971    83.694   -54.11   34.21
  44545.880    71.418   -42.49   19.53
  44834.808    65.707   -19.77   13.38
  45123.756    64.023    -5.83   13.94
  45412.725    67.615    12.43   19.24
  45701.713    75.510    27.32   26.30
  45990.721    84.884    32.44   31.19
  46279.749    94.644    33.77   34.62
  46568.797   103.303    29.96   36.78
  46857.865   113.287    34.54   33.31
  47146.953   122.815    32.96   29.83
  47436.061   127.935    17.71   25.58
  47725.188   130.931    10.36   22.85
  48014.336   130.681    -0.86   21.24
  48303.504   128.523    -7.46   20.53
  48592.691   127.911    -2.12   20.01
  48881.899   131.274    11.63   21.80
  49171.127   137.014    19.85   24.88
  49460.374   143.495    22.41   24.73
  49749.642   146.211     9.39   23.56
  50038.929   147.006     2.75   24.44
  50328.237   148.378     4.74   26.46
  50617.564   149.404     3.55   30.46
  50906.912   148.205    -4.14   36.95
  51196.279   140.472   -26.73   42.36
  51485.667   129.768   -36.99   45.41
  51775.074   122.141   -26.35   48.26
  52064.502   112.286   -34.05   50.15
  52353.949   102.918   -32.37   49.25
  52643.417    91.057   -40.97   43.93
  52932.905    80.647   -35.96   35.60
  53222.412    74.890   -19.89   31.92
  53511.940    70.391   -15.54   26.69
  53801.488    64.960   -18.76   19.97
  54091.056    61.300   -12.64   12.44
  54380.643    58.497    -9.68    8.33
  54670.251    56.794    -5.88    8.21
  54959.879    55.918    -3.02    8.28
  55249.527    54.832    -3.75    7.92
  55539.195    54.525    -1.06    7.20
  55828.884    54.885     1.24    7.12
  56118.592    55.201     1.09    6.57
  56408.320    57.023     6.29    8.28
  56698.069    60.186    10.91   10.50
  56987.837    63.698    12.12   11.98
  57277.626    68.014    14.89   12.47
  57567.435    72.484    15.42   11.18
  57857.264    77.014    15.63    9.67
  58147.112    80.641    12.51    8.83
  58436.982    84.286    12.57    9.65
  58725.786    89.872    19.34   13.04
  59011.429    97.391    26.32   17.71
  59297.092   103.694    22.07   19.34
  59582.774   111.416    27.03   20.11
  59868.475   120.479    31.72   22.36
  60154.196   133.148    44.34   25.89
  60439.936   150.352    60.21   35.30
  60725.696   162.315    41.87   37.59
  61011.475   173.758    40.04   42.50
  61297.274   185.641    41.58   41.38
  61583.091   196.207    36.97   43.84
  61868.929   195.220    -3.45   48.36
  62154.785   185.827   -32.86   53.48
  62440.661   182.079   -13.11   51.48
  62726.557   182.023    -0.20   47.55
  63012.472   181.192    -2.91   43.14
  63298.406   187.532    22.17   42.03
  63584.360   193.750    21.75   39.49
  63870.334   204.178    36.47   39.35
  64156.326   220.224    56.11   34.98
  64442.339   228.147    27.70   33.38
  64728.370   232.079    13.75   32.84
  65014.421   233.542     5.11   32.07
  65300.492   234.545     3.50   31.72
  65586.582   228.495   -21.15   39.01
  65872.692   219.536   -31.31   41.29
  66158.821   209.062   -36.61   39.44
  66444.969   199.286   -34.17   41.43
  66731.137   195.365   -13.70   40.66
  67017.325   196.542     4.11   40.45
  67303.532   199.023     8.67   39.25
  67589.758   206.112    24.77   34.82
  67876.004   204.303    -6.32   31.90
  68162.270   202.083    -7.75   28.68
  68448.555   202.953     3.04   28.79
  68734.859   201.981    -3.40   28.93
  69021.184   204.300     8.10   27.06
  69307.527   204.552     0.88   25.11
  69593.890   206.565     7.03   24.25
  69880.273   208.885     8.10   23.94
  70166.675   213.638    16.60   25.42
  70453.097   218.912    18.41   27.06
  70739.538   223.325    15.41   27.17
  71025.999   224.664     4.67   27.45
  71312.480   231.519    23.93   27.48
  71598.980   238.115    23.02   25.96
  71885.499   244.686    22.93   27.08
  72172.038   251.015    22.09   27.46
  72458.597   258.694    26.80   30.15
  72745.175   269.519    37.77   28.88
  73031.773   278.150    30.12   26.42
  73318.391   280.534     8.32   26.45
  73605.028   282.826     8.00   25.87
  73891.685   285.786    10.33   24.88
  74178.361   287.260     5.14   23.81
  74465.057   286.131    -3.94   21.73
  74751.772   283.078   -10.65   20.20
  75038.507   277.339   -20.01   21.25
  75325.262   272.732   -16.07   21.66
  75612.036   268.871   -13.46   21.13
  75898.830   266.596    -7.94   20.84
  76185.644   267.015     1.46   19.97
  76472.477   267.720     2.46   19.72
  76759.330   268.456     2.57   18.62
  77046.203   271.232     9.68   18.92
  77333.095   275.326    14.27   19.57
  77620.007   277.668     8.16   18.86
  77906.938   279.275     5.60   17.19
  78193.889   279.458     0.64   16.17
  78480.860   279.592     0.46   16.13
  78767.851   277.534    -7.17   15.81
  79054.861   277.788     0.89   15.68
  79341.891   279.190     4.88   14.83
  79628.940   281.788     9.05   14.91
  79916.010   283.277     5.18   15.17
  80203.098   283.137    -0.49   14.50
  80490.207   284.057     3.21   13.82
  80777.335   287.404    11.65   14.03
  81064.483   292.404    17.42   17.15
  81351.651   300.707    28.92   22.61
  81638.839   309.536    30.75   30.80
  81926.046   325.032    53.96   47.73
  82213.273   354.801   103.65   76.63
  82500.519   397.846   149.87  104.06
  82787.786   435.955   132.67  110.65
  83075.072   462.390    92.03  107.15
  83362.378   489.094    92.95   97.77
  83649.703   510.201    73.47   83.08
  83937.049   517.231    24.47   76.39
  84224.414   513.137   -14.25   85.06
  84511.798   492.768   -70.88  100.87
  84799.203   462.391  -105.70  115.08
  85086.627   431.641  -106.99  115.80
  85374.072   399.339  -112.39  100.89
  85661.536   379.885   -67.68   83.19
  85949.019   380.089     0.71   80.29
  86236.523   401.404    74.14   94.93
  86524.046   431.466   104.56   96.68
  86811.589   446.530    52.39   91.83
  87099.152   449.065     8.82   88.93
  87386.735   447.833    -4.28   83.66
  87674.337   455.555    26.85   86.35
  87961.959   464.261    30.27   87.48
  88249.602   469.833    19.37   85.47
  88537.263   485.014    52.78   85.03
  88824.945   509.950    86.68   84.09
  89112.647   539.760   103.62   66.31
  89400.368   561.286    74.82   50.58
  89688.109   580.641    67.27   33.10
  89975.871   592.352    40.70   22.45
  90263.652   599.463    24.71   15.89
  90551.452   602.821    11.67   12.36
  90839.273   604.568     6.07   10.83
  91127.114   602.922    -5.72   13.39
  91414.974   596.468   -22.42   21.48
  91702.854   590.803   -19.68   22.20
  91990.754   588.506    -7.98   20.58
  92278.674   587.818    -2.39   18.06
  92566.614   588.128     1.08   16.90
  92854.574   587.984    -0.50   15.72
  93142.554   586.950    -3.59   15.46
  93430.553   586.481    -1.63   15.73
  93718.573   587.453     3.38   17.14
  94006.612   588.922     5.10   17.84
  94294.671   589.895     3.38   18.95
  94582.750   592.429     8.80   15.13
  94870.849   593.678     4.33   13.12
  95158.968   593.542    -0.47   11.97
  95447.107   592.248    -4.49   11.33
  95735.266   590.615    -5.67   11.60
  96023.445   589.497    -3.88   13.22
  96311.644   588.839    -2.28   14.74
  96599.862   587.583    -4.36   16.10
  96888.101   583.555   -13.98   18.65
  97176.360   579.532   -13.96   19.40
  97464.638   574.122   -18.77   19.87
  97752.937   567.686   -22.33   21.62
  98041.255   561.737   -20.63   23.94
  98329.594   554.803   -24.05   25.32
  98617.952   549.404   -18.73   26.81
  98906.331   542.338   -24.50   24.99
  99194.729   538.272   -14.10   23.86
  99483.147   534.443   -13.28   22.90
  99771.586   530.286   -14.41   23.11
 100060.044   525.891   -15.24   23.20
 100348.522   521.984   -13.55   24.05
 100637.021   519.115    -9.94   23.49
 100925.539   513.947   -17.91   22.45
 101214.078   507.416   -22.64   21.40
 101502.636   502.440   -17.24   21.65
 101791.214   496.960   -18.99   20.53
 102079.813   490.622   -21.97   21.45
 102368.431   483.690   -24.02   23.98
 102657.070   474.833   -30.69   26.75
 102945.729   469.157   -19.66   27.89
 103234.407   467.125    -7.04   26.87
 103523.106   463.062   -14.07   25.78
 103811.825   459.207   -13.35   24.15
 104100.563   453.634   -19.30   23.25
 104389.322   448.165   -18.94   25.59
 104678.101   446.303    -6.45   25.02
 104966.900   448.070     6.12   23.37
 105255.719   448.815     2.58   21.74
 105544.558   449.686     3.01   21.70
 105833.418   453.074    11.73   23.41
 106122.297   460.942    27.24   22.62
 106411.196   469.989    31.32   19.40
 106700.116   476.444    22.35   17.53
 106989.056   480.734    14.85   15.91
 107278.015   484.005    11.32   15.98
 107566.995   489.163    17.85   18.31
 107855.995   496.315    24.75   21.89
 108145.015   504.239    27.42   24.50
 108434.056   514.057    33.97   25.27
 108723.116   524.624    36.56   22.64
 109012.197   532.226    26.30   18.01
 109301.297   536.853    16.01   13.65
 109590.418   539.070     7.67   11.96
 109879.559   540.720     5.71   11.94
 110168.720   542.102     4.78   11.62
 110457.901   543.339     4.28   12.22
 110747.103   546.430    10.69   13.40
 111036.324   550.517    14.13   14.77
 111325.566   556.251    19.83   15.20
 111614.828   559.922    12.69   15.25
 111904.110   557.618    -7.97   25.42
 112193.412   545.745   -41.05   49.73
 112482.735   520.240   -88.16   78.78
 112772.078   487.694  -112.49   97.55
 113061.440   444.937  -147.78  101.86
 113350.824   413.668  -108.06   88.89
 113640.227   397.773   -54.93   74.67
 113929.650   395.457    -8.00   67.69
 114219.094   409.711    49.25   73.71
 114508.558   439.340   102.37   78.36
 114798.042   472.846   115.76   71.87
 115087.547   493.438    71.14   56.28
 115377.071   501.478    27.77   58.43
 115666.616   495.277   -21.42   71.50
 115956.181   480.821   -49.93   85.43
 116245.767   461.441   -66.93   87.28
 116535.372   437.458   -82.82   81.15
 116824.998   406.957  -105.32   71.10
 117114.644   386.036   -72.24   66.37
 117404.311   374.222   -40.79   64.70
 117693.998   360.947   -45.83   60.32
 117983.705   349.694   -38.85   53.20
 118273.432   336.352   -46.05   42.32
 118563.179   322.353   -48.32   37.01
 118852.947   305.087   -59.59   38.92
 119142.735   292.553   -43.26   40.81
 119432.544   279.540   -44.91   40.06
 119722.372   263.049   -56.90   36.07
 120012.222   246.747   -56.25   29.67
 120302.091   235.786   -37.82   20.34
 120591.981   232.586   -11.04   19.39
 120879.297   232.763     0.61   20.41
 121164.908   236.740    13.93   22.84
 121450.539   239.833    10.83   22.90
 121736.189   245.935    21.36   19.83
 122021.860   251.783    20.47   13.29
 122307.549   255.775    13.98   12.98
 122593.258   259.003    11.30   15.57
 122878.987   263.314    15.09   17.21
 123164.736   266.570    11.40   16.35
 123450.504   269.978    11.93   14.02
 123736.291   270.615     2.23   13.06
 124022.098   269.673    -3.30   14.26
 124307.925   266.694   -10.42   16.46
 124593.771   262.788   -13.67   18.26
 124879.637   256.970   -20.35   19.39
 125165.523   251.378   -19.56   21.23
 125451.428   245.178   -21.69   24.17
 125737.353   241.796   -11.83   28.52
 126023.298   229.565   -42.78   48.52
 126309.262   213.865   -54.91   64.44
 126595.246   194.968   -66.09   73.67
 126881.249   176.036   -66.20   78.79
 127167.272   161.669   -50.24   78.68
 127453.315   144.690   -59.36   72.51
 127739.377   128.125   -57.92   59.46
 128025.459   114.905   -46.22   40.88
 128311.561   113.510    -4.88   33.59
 128597.682   119.247    20.05   35.88
 128883.823   127.032    27.21   41.01
 129169.984   138.506    40.10   47.39
 129456.164   149.125    37.11   47.92
 129742.364   157.134    27.99   43.51
 130028.584   164.673    26.34   38.33
 130314.824   170.846    21.57   34.38
 130601.083   176.314    19.11   31.21
 130887.362   179.365    10.66   28.81
 131173.660   188.239    31.00   30.51
 131459.978   201.532    46.43   30.67
 131746.316   216.023    50.61   27.22
 132032.674   226.963    38.21   23.15
 132319.052   233.173    21.69   22.97
 132605.449   232.839    -1.16   26.16
 132891.866   231.944    -3.13   29.78
 133178.302   227.747   -14.66   32.21
 133464.759   225.805    -6.78   30.46
 133751.235   222.023   -13.20   28.37
 134037.731   216.790   -18.27   30.27
 134324.246   209.803   -24.39   34.04
 134610.782   204.125   -19.82   38.56
 134897.337   199.389   -16.53   41.87
 135183.912   198.783    -2.12   43.07
 135470.507   197.593    -4.15   43.31
 135757.121   196.240    -4.72   42.52
 136043.755   193.006   -11.28   37.20
 136330.409   189.098   -13.63   32.47
 136617.083   191.536     8.50   32.49
 136903.777   196.760    18.22   31.30
 137190.490   202.019    18.35   29.96
 137477.224   207.694    19.80   30.69
 137763.977   217.808    35.27   30.06
 138050.750   228.897    38.67   29.57
 138337.542   237.403    29.66   30.78
 138624.355   242.112    16.42   34.53
 138911.187   242.515     1.41   36.52
 139198.039   241.032    -5.17   37.92
 139484.911   242.314     4.47   38.40
 139771.803   243.198     3.08   38.71
 140058.715   242.944    -0.89   37.04
 140345.647   243.976     3.60   33.93
 140632.598   246.673     9.40   32.56
 140919.569   250.096    11.93   31.18
 141206.560   258.181    28.18   30.55
 141493.571   266.472    28.89   29.61
 141780.602   277.747    39.29   28.45
 142067.653   284.239    22.62   26.50
 142354.724   284.575     1.17   25.27
 142641.814   285.315     2.58   24.24
 142928.924   288.796    12.12   25.16
 143216.055   291.778    10.39   25.92
 143503.205   295.960    14.57   26.06
 143790.375   297.289     4.63   25.39
 144077.565   300.737    12.01   24.57
 144364.775   301.716     3.41   22.80
 144652.005   299.352    -8.23   23.05
 144939.254   294.997   -15.16   24.12
 145226.524   289.510   -19.10   26.34
 145513.814   280.061   -32.89   28.79
 145801.123   265.315   -51.33   36.46
 146088.453   247.377   -62.44   43.90
 146375.802   228.515   -65.65   49.07
 146663.171   210.522   -62.62   46.44
 146950.561   200.003   -36.61   40.57
 147237.970   195.428   -15.92   37.80
 147525.399   198.728    11.48   41.53
 147812.848   209.403    37.14   47.27
 148100.317   223.891    50.41   48.95
 148387.806   235.115    39.05   48.90
 148675.316   240.102    17.35   50.52
 148962.845   244.763    16.21   52.07
 149250.394   248.226    12.05   53.49
 149537.963   255.778    26.26   57.06
 149825.552   262.226    22.42   59.71
 150113.161   267.840    19.52   59.86
 150400.790   271.745    13.58   55.55
 150688.439   273.557     6.30   49.44
 150976.108   274.303     2.59   49.96
 151263.797   274.466     0.57   53.67
 151551.506   274.768     1.05   56.60
 151839.235   271.138   -12.62   57.04
 152126.984   268.918    -7.72   58.00
 152414.754   269.277     1.25   58.66
 152702.543   269.300     0.08   60.29
 152990.352   269.455     0.54   61.69
 153278.181   265.989   -12.04   60.45
 153566.031   262.788   -11.12   60.37
 153853.900   260.353    -8.46   59.01
 154141.790   254.815   -19.24   53.73
 154429.699   249.840   -17.28   47.58
 154717.629   246.454   -11.76   41.58
 155005.579   245.264    -4.13   37.37
 155293.549   250.481    18.12   40.06
 155581.538   261.508    38.30   42.63
 155869.548   266.027    15.69   43.04
 156157.578   266.442     1.44   43.34
 156445.629   265.517    -3.21   42.18
 156733.699   264.970    -1.90   39.10
 157021.789   264.339    -2.19   37.21
 157309.900   265.078     2.56   36.05
 157598.030   265.065    -0.04   34.97
 157886.181   268.840    13.10   35.63
 158174.352   278.019    31.86   37.56
 158462.543   290.603    43.67   37.79
 158750.754   297.871    25.22   37.94
 159038.985   303.740    20.36   36.78
 159327.237   310.493    23.43   34.77
 159615.508   315.061    15.85   33.00
 159903.800   320.846    20.07   33.07
 160192.112   324.405    12.34   33.24
 160480.444   328.970    15.84   33.57
 160768.796   334.814    20.27   33.29
 161057.168   340.090    18.30   32.84
 161345.561   346.426    21.97   32.83
 161633.973   350.669    14.71   32.22
 161922.406   357.233    22.76   29.92
 162210.859   364.428    24.95   25.62
 162499.333   367.353    10.14   23.72
 162787.826   366.703    -2.25   26.23
 163076.340   366.378    -1.13   28.59
 163364.874   368.955     8.93   34.17
 163653.428   375.365    22.22   40.39
 163942.002   387.220    41.09   43.26
 164230.597   398.079    37.63   43.61
 164519.211   412.128    48.68   40.02
 164807.846   424.715    43.62   29.20
 165096.502   431.796    24.53   26.50
 165385.177   431.328    -1.62   26.85
 165673.873   429.823    -5.21   26.64
 165962.589   429.973     0.52   26.29
 166251.325   428.044    -6.68   23.31
 166540.081   426.928    -3.87   20.54
 166828.858   425.455    -5.10   18.82
 167117.655   425.510     0.19   19.18
 167406.472   427.760     7.79   19.98
 167695.310   428.807     3.62   21.78
 167984.167   428.955     0.51   24.09
 168273.046   430.773     6.29   25.05
 168561.944   433.985    11.12   23.76
 168850.863   431.998    -6.88   24.92
 169139.802   422.486   -32.93   30.05
 169428.761   411.023   -39.67   32.72
 169717.740   401.023   -34.61   31.81
 170006.740   388.778   -42.38   29.89
 170295.760   375.542   -45.80   25.81
 170584.801   366.970   -29.66   26.33
 170873.862   358.260   -30.14   26.19
 171162.943   351.826   -22.26   25.40
 171452.044   352.019     0.67   24.46
 171741.166   354.587     8.88   25.34
 172030.308   357.090     8.66   26.34
 172319.471   363.163    21.00   27.83
 172608.654   367.257    14.16   30.86
 172897.857   370.853    12.44   33.69
 173187.081   367.990    -9.90   37.32
 173476.325   361.040   -24.03   40.98
 173765.589   351.803   -31.94   41.60
 174054.874   340.808   -38.01   39.07
 174344.179   329.365   -39.56   33.15
 174633.504   319.161   -35.27   28.84
