#  121.681 -13.307  15.565 ;Mean Elev.(m), Avg Gradient(m/km), RMS Gradient(m/km) - SRTM1     
#  133.970 -13.981  16.896 ;Mean Elev.(m), Avg Gradient(m/km), RMS Gradient(m/km) - ASTER GDEM
#  116.039  -3.046  26.959 ;Mean Elev.(m), Avg Gradient(m/km), RMS Gradient(m/km) - GMTED2010 
   1 283.017404  40.559762   168.623   169.513  4 54662.59835253 20.605
   2 283.023813  40.572487   115.168   115.222 13 54672.51400057 51.228
   4 283.022289  40.572476   114.992   114.973 12 54692.34528604 51.939
   8 283.023597  40.571796   114.701   114.547 14 54732.00787312 53.021
   9 283.018816  40.571208   114.874   114.844 10 54741.92351969 47.882
  10 283.016835  40.571132   165.227   165.623  9 54751.83916658 25.723
  11 283.017745  40.571683   166.986   167.420 10 54761.75481366 21.386
  12 283.020265  40.571756   165.555   166.550 11 54771.67045837 26.948
  13 283.022233  40.571428   176.947   173.787 13 54781.58609980 18.740
  14 283.019751  40.566171   218.925   217.728  8 54791.50173717  8.198
  15 283.024325  40.571893   225.299   227.194 11 54801.41737593  9.110
  16 283.025240  40.571808   213.128   213.216 14 54811.33301313 10.360
  17 283.025571  40.570753   115.629   115.712 13 54821.24865358 48.671
  18 283.025220  40.572436   116.504   116.509 14 54831.16430585 47.909
  19 283.021593  40.571711   164.367   164.463 12 54841.07994399 23.468
  20 283.017002  40.571855   115.346   115.348  9 54850.99559262 47.881
  21 283.013439  40.572541   115.371   115.349  6 54860.91124119 50.599
  22 283.011127  40.571808   181.271   177.792  4 54870.82688975 15.866
  23 283.014085  40.573200   189.423   190.934  6 54880.74253779  6.849
  24 283.017468  40.572317   167.274   166.152  9 54890.65818214 17.697
  25 283.018636  40.571162   166.580   167.728 10 54900.57382310 22.134
  26 283.017763  40.571650   162.315   162.600  9 54910.48946200 26.328
  27 283.015538  40.570833   115.244   115.306  9 54920.40509914 38.070
  28 283.017663  40.571703   167.845   167.001  9 54930.32073646 22.907
  29 283.023594  40.572363   115.410   115.460 13 54940.23637289 50.874
  30 283.029349  40.571429   168.029   167.711 11 54950.15200740 14.287
  31 283.023496  40.559810   163.717   163.036 10 54960.06764370 22.857
  32 283.025013  40.566309   200.568   203.132 10 54969.98329361  1.882
  33 283.025637  40.572022   115.243   115.214 14 54979.89894230 49.706
  35 283.021965  40.571874   115.149   115.156 12 54999.73023674 50.520
  36 283.021763  40.572388   115.317   115.290 12 55009.64588237 48.636
  37 283.020596  40.571216   166.671   165.130 12 55019.56152580 22.907
  38 283.019329  40.571619   115.030   115.050 11 55029.47716811 52.084
  39 283.017677  40.571288   115.081   115.104  9 55039.39280951 53.170
  40 283.019253  40.571444   115.362   115.321 10 55049.30844994 52.090
  41 283.024111  40.571761   115.490   115.428 14 55059.22408860 49.642
  42 283.028385  40.571552   114.918   115.070 12 55069.13972838 49.906
  43 283.027669  40.571441   114.999   115.127 12 55079.05537791 49.525
  44 283.024188  40.571935   162.727   162.072 14 55088.97102541 25.545
  45 283.019503  40.571930   114.887   114.861 10 55098.88667154 51.962
  46 283.016346  40.570803   114.908   114.841  9 55108.80231715 39.472
  47 283.018380  40.571364   115.000   114.990 10 55118.71796243 52.854
  48 283.021622  40.570975   115.022   114.928 12 55128.63360519 31.919
  49 283.017768  40.562698   219.389   219.393  5 55138.54924361  7.734
  50 283.016592  40.561290   219.572   219.667  5 55148.46488190  3.696
  51 283.024106  40.572610   164.003   163.346 13 55158.38052270 26.792
  52 283.023714  40.571632   201.375   203.167 14 55168.29616016 12.329
  53 283.025330  40.571017   115.578   115.621 14 55178.21179709 47.363
  54 283.025276  40.570455   167.325   164.106 14 55188.12744175 23.913
  55 283.023257  40.572212   115.662   115.676 13 55198.04309262 48.572
  56 283.018657  40.571702   115.131   115.066 11 55207.95874201 47.116
  57 283.015430  40.571547   174.754   179.003  8 55217.87439115 20.687
  58 283.014586  40.571831   166.817   165.109  8 55227.79003994 19.347
  59 283.015926  40.571519   115.221   115.199  8 55237.70568590 50.729
  60 283.019200  40.571921   115.081   115.079 11 55247.62132858 46.369
  61 283.020333  40.571665   115.086   115.083 11 55257.53696830 52.324
  62 283.019876  40.571801   167.275   168.276 11 55267.45260685 20.015
  63 283.018780  40.571577   166.398   166.213 10 55277.36824463 24.754
  64 283.020879  40.571909   116.354   116.372 12 55287.28388159 48.259
  66 283.033566  40.577840   193.115   198.100  7 55307.11515933 17.244
  67 283.028443  40.572064   116.151   116.245 12 55317.03080418 46.820
  68 283.024244  40.569954   115.142   115.085 14 55326.94644880 48.720
  69 283.022356  40.571107   161.979   162.010 13 55336.86209347 24.957
  70 283.021349  40.571719   115.091   115.102 11 55346.77773765 51.759
  71 283.021001  40.571249   114.998   114.963 12 55356.69338026 44.843
  72 283.021621  40.571541   115.128   115.119 13 55366.60902099 49.529
  73 283.022680  40.571950   114.866   114.887 13 55376.52466020 49.711
  74 283.023214  40.571276   114.691   114.671 13 55386.44029809 52.347
  75 283.024868  40.571281   114.793   114.732 15 55396.35593522 51.481
  76 283.026947  40.571367   114.763   114.804 13 55406.27157673 50.867
  77 283.025769  40.570993   167.745   166.081 13 55416.18722755 26.121
  78 283.024881  40.570390   114.717   114.648 14 55426.10287510 51.979
  79 283.034430  40.584581   115.779   115.779  2 55436.01852391 53.398
  80 283.023605  40.572616   114.754   114.732 13 55445.93416481 52.951
  81 283.021065  40.571876   114.654   114.619 12 55455.84980803 47.825
  82 283.020709  40.571747   114.693   114.664 12 55465.76545089 51.406
  83 283.023469  40.571737   115.768   115.697 14 55475.68109104 47.771
  84 283.027238  40.571529   167.676   165.938 12 55485.59672807 18.067
  85 283.030078  40.571773   180.120   180.351 11 55495.51236282 20.731
  86 283.030382  40.571434   165.562   164.377 11 55505.42799690 23.764
  87 283.025607  40.571078   164.502   163.330 13 55515.34364674 25.646
  88 283.015603  40.561143   219.436   219.550  4 55525.25929337  6.280
  89 283.022237  40.572328   166.025   165.659 12 55535.17494357 22.041
  90 283.020404  40.571520   165.402   164.818 11 55545.09058881 19.013
  91 283.018686  40.571528   178.803   178.708 11 55555.00623248 23.636
  92 283.016964  40.571039   169.930   165.916 10 55564.92187528 23.067
  93 283.019162  40.572384   115.080   115.084 10 55574.83751826 43.357
  94 283.021368  40.571084   114.981   114.942 12 55584.75315919 42.832
  95 283.025434  40.571256   114.987   115.005 14 55594.66879715 44.867
  96 283.029306  40.572424   114.900   115.121 12 55604.58443189 44.457
  97 283.031222  40.572356   115.684   116.093 11 55614.50006391 48.205
  98 283.027161  40.567064   167.552   167.160 10 55624.41570120 20.389
  99 283.027023  40.571425   182.555   184.262 12 55634.33135420 13.423
 100 283.025019  40.570347   117.344   117.316 14 55644.24700376 42.856
 101 283.026108  40.571783   115.784   115.797 14 55654.16265127 49.017
 102 283.024458  40.568962   227.911   228.354 11 55664.07829333  7.953
 103 283.026658  40.572885   178.628   178.471 13 55673.99393422 19.543
 104 283.025386  40.572405   116.834   116.820 14 55683.90957262 45.217
 105 283.025423  40.571584   115.686   115.683 14 55693.82520985 47.692
 106 283.028229  40.572048   116.690   116.847 12 55703.74084614 43.265
 107 283.027597  40.571360   116.008   116.148 12 55713.65649143 46.097
 108 283.024187  40.570863   162.336   161.576 14 55723.57214027 22.540
 109 283.021150  40.571158   115.076   115.082 12 55733.48778717 50.888
 110 283.019685  40.571702   115.181   115.136 11 55743.40343287 52.529
 111 283.020085  40.571616   115.013   115.013 12 55753.31907716 52.056
 112 283.014043  40.558747   194.282   197.453  3 55763.23471615  6.337
 113 283.027390  40.571963   114.716   114.850 13 55773.15035908 50.169
 114 283.029662  40.572185   179.447   179.477 11 55783.06599519 21.751
 115 283.030820  40.572828   164.922   163.675 11 55792.98162899 24.957
 116 283.027619  40.567438   167.252   165.521 10 55802.89726283 22.630
 117 283.028876  40.572312   190.128   189.612 12 55812.81291408  7.967
 118 283.028698  40.571929   115.549   115.679 12 55822.72856248 48.619
 119 283.029586  40.571061   228.610   233.719 11 55832.64420608  6.839
 120 283.027803  40.567121   167.065   165.931 10 55842.55984438 24.059
 121 283.027593  40.567076   166.003   165.459 10 55852.47548031 24.418
 122 283.027416  40.567523   166.011   166.453 10 55862.39111484 24.308
 123 283.017702  40.561228   219.171   219.243  6 55872.30676696  5.798
 124 283.025297  40.572656   226.207   224.818  8 55882.22241912  3.908
 125 283.025705  40.571941   116.265   116.231 14 55892.13806187 48.630
 126 283.027042  40.571630   196.301   196.480 13 55902.05369919  6.988
 127 283.029299  40.573776   115.625   115.802 10 55911.96933477 50.272
 128 283.022073  40.571746   164.450   164.574 12 55921.88498841 22.351
 129 283.020750  40.572340   115.677   115.712 11 55931.80064044 44.820
 130 283.022241  40.571780   178.555   176.825 12 55941.71628838 20.699
 131 283.025353  40.572614   176.283   174.601 14 55951.63193224 21.827
 132 283.018077  40.562038   219.714   219.688  4 55961.54756920  1.513
 133 283.024335  40.572051   115.392   115.419 13 55971.46320885 50.285
 134 283.015860  40.560078   219.572   219.619  4 55981.37884162  8.053
 135 283.019505  40.559702   222.479   219.174  7 55991.29447635  5.324
 136 283.030487  40.572569   164.210   163.685 11 56001.21012546 23.635
 137 283.026419  40.567886   227.112   226.506 10 56011.12577413  6.780
 138 283.017889  40.559119   219.441   219.545  5 56021.04141794  5.703
 139 283.023268  40.571112   115.129   115.076 13 56030.95706419 51.223
 140 283.021343  40.571986   115.033   115.052 12 56040.87270582 49.267
 141 283.022034  40.572449   115.329   115.276 12 56050.78834539 50.806
 142 283.024102  40.570957   115.730   115.660 14 56060.70398203 48.776
 143 283.027971  40.570708   115.185   115.332 13 56070.61961966 49.012
 144 283.025102  40.570782   115.318   115.298 14 56080.53527017 49.793
 145 283.022170  40.571712   115.192   115.201 13 56090.45091799 50.473
 146 283.020407  40.572305   115.023   115.049 11 56100.36656333 51.989
 147 283.020597  40.571288   114.893   114.897 12 56110.28219437 52.092
 148 283.024145  40.570262   114.818   114.770 14 56120.19783416 50.846
 149 283.027481  40.567354   114.451   114.416 10 56130.11346996 50.301
 150 283.024074  40.558394   164.254   162.508  9 56140.02910112 20.599
 151 283.027606  40.570775   114.616   114.688 12 56149.94475460 49.419
 152 283.022805  40.570181   226.955   228.868 13 56159.86040340 10.573
 153 283.023541  40.572579   114.771   114.725 13 56169.77605188 53.117
 154 283.025455  40.572267   114.812   114.776 14 56179.69169637 48.935
 155 283.027475  40.571571   114.787   114.896 12 56189.60733660 49.742
 156 283.027793  40.570721   114.835   114.967 12 56199.52297343 48.627
 157 283.028814  40.572240   114.726   114.893 12 56209.43860798 50.869
 158 283.029075  40.571794   194.457   194.634 12 56219.35424018  9.686
 159 283.025777  40.570520   194.741   197.730 13 56229.26988729  7.061
 160 283.017312  40.561353   219.398   219.502  6 56239.18553822  7.199
 161 283.015603  40.560479   219.663   219.751  4 56249.10118755  7.377
 162 283.023386  40.571476   115.189   115.152 14 56259.01683526 51.018
 163 283.022271  40.571228   193.170   193.428 13 56268.93247733  8.093
 164 283.021942  40.571152   115.433   115.414 13 56278.84811787 49.563
 165 283.020692  40.571853   115.752   115.720 11 56288.76376817 47.852
 166 283.021052  40.571278   181.383   181.282 12 56298.67941708 24.102
 167 283.023522  40.572452   116.442   116.457 13 56308.59506248 47.913
 168 283.024041  40.572423   115.331   115.307 13 56318.51070477 48.759
 169 283.022096  40.571755   116.084   116.055 12 56328.42634533 49.289
 170 283.022147  40.572272   198.111   201.459 12 56338.34198523 12.275
 171 283.024440  40.571924   163.964   163.780 13 56348.25762320 26.183
 172 283.034931  40.579572   160.772   161.010  5 56358.17326063 27.477
 173 283.027901  40.571980   181.043   181.406 12 56368.08890828 22.174
 175 283.020360  40.571516   116.308   116.408 12 56387.92020115 42.335
 176 283.018111  40.571198   116.368   116.349 10 56397.83584450 44.559
 177 283.019028  40.571618   165.246   164.338 11 56407.75148593 26.502
 178 283.022355  40.571655   177.466   177.296 12 56417.66712347 23.489
 179 283.027397  40.571432   115.326   115.539 12 56427.58275632 47.490
 180 283.024282  40.571863   115.226   115.137 14 56437.49840901 49.505
 181 283.020268  40.571444   115.278   115.313 11 56447.41405979 51.631
 182 283.019047  40.572509   115.449   115.434 10 56457.32970878 51.613
 183 283.018163  40.570966   115.150   115.141 10 56467.24535406 52.123
 184 283.021216  40.571838   116.463   116.465 11 56477.16099618 47.363
 185 283.024467  40.571343   115.530   115.551 14 56487.07663444 49.160
 186 283.026397  40.570607   114.839   114.901 13 56496.99227009 50.283
 187 283.028177  40.570511   114.871   115.094 13 56506.90790472 47.531
 188 283.027335  40.566899   115.261   115.327 10 56516.82353988 47.107
 189 283.027701  40.571580   114.737   114.886 12 56526.73919558 50.197
 190 283.026200  40.571171   114.944   115.026 13 56536.65484591 49.392
 192 283.022900  40.571721   130.473   129.892 12 56556.48613613 35.025
 193 283.020486  40.570974   114.802   114.789 12 56566.40177830 52.735
 194 283.020215  40.571139   115.109   115.065 12 56576.31741942 48.188
 195 283.023215  40.571716   115.003   115.078 13 56586.23305760 51.189
 196 283.025802  40.570829   162.923   162.923 13 56596.14869614 25.014
 197 283.023967  40.571955   114.940   114.922 13 56606.06434837 47.357
 198 283.022309  40.572432   163.049   162.991 12 56615.97999580 25.896
 199 283.020897  40.571151   173.593   172.604 12 56625.89563951 20.491
 200 283.022625  40.572066   205.598   205.783 12 56635.81128125  3.007
 201 283.024732  40.570919   115.054   114.996 14 56645.72692094 48.796
 202 283.023554  40.571645   220.724   216.968 14 56655.64257374 10.466
 203 283.023255  40.572489   115.833   115.843 13 56665.55822223 45.131
 204 283.022155  40.572441   179.607   175.007 12 56675.47386757 20.577
 205 283.020556  40.571511   115.347   115.381 12 56685.38951144 46.383
 206 283.021261  40.571631   115.488   115.475 11 56695.30515363 44.235
 207 283.025001  40.572169   115.378   115.296 14 56705.22079167 41.910
 208 283.029397  40.571812   116.011   116.163 12 56715.13642419 43.080
 210 283.020005  40.571705   115.856   115.839 11 56734.96772540 49.582
 211 283.016375  40.571417   170.827   170.493  9 56744.88337168 16.340
 212 283.017636  40.572103   169.069   169.137  9 56754.79901435 23.057
 213 283.020213  40.569531   217.660   218.075 10 56764.71465095  9.220
 214 283.024365  40.570187   115.553   115.504 14 56774.63028854 45.970
 215 283.020202  40.571278   168.461   169.256 12 56784.54594533 16.842
 216 283.015490  40.571390   116.625   116.591  9 56794.46159807 47.284
 217 283.012635  40.571065   115.749   115.738  6 56804.37724723 49.341
 218 283.015499  40.571623   115.237   115.200  8 56814.29288981 52.147
 219 283.019487  40.571295   115.366   115.393 11 56824.20852885 51.640
 221 283.027749  40.571154   114.922   115.048 13 56844.03979593 49.265
 222 283.026366  40.570749   115.002   115.032 13 56853.95543916 49.282
 223 283.022434  40.570713   114.942   114.881 13 56863.87109285 51.478
 224 283.020748  40.571510   115.007   114.978 11 56873.78674634 51.509
 225 283.019262  40.570706   115.302   115.255 11 56883.70239637 51.514
 226 283.019409  40.571728   115.281   115.314 11 56893.61804354 51.819
 227 283.017016  40.571015   114.926   114.908  9 56903.53368682 52.801
 228 283.014773  40.571723   114.959   114.883  7 56913.44932824 51.258
 229 283.014683  40.571890   114.931   114.931  8 56923.36496792 53.117
 230 283.017503  40.571214   114.762   114.735  9 56933.28060523 52.948
 231 283.024545  40.571907   114.807   114.718 14 56943.19623790 44.657
 232 283.024947  40.570246   165.545   164.799 14 56953.11188322 23.860
 233 283.023618  40.572466   115.959   115.959 13 56963.02753401 41.661
 234 283.019142  40.570603   164.679   164.817 11 56972.94317910 26.849
 235 283.019505  40.571533   180.733   180.855 10 56982.85882102 14.911
 236 283.023049  40.570998   163.360   164.911 13 56992.77445835 24.502
 237 283.029274  40.570967   170.480   172.599 11 57002.69009451 15.541
 238 283.027634  40.572285   116.038   116.260 13 57012.60575182 47.527
 239 283.024076  40.571701   163.654   163.762 13 57022.52140285 24.509
 240 283.020719  40.571966   115.463   115.442 12 57032.43705111 47.824
 241 283.018577  40.571121   115.217   115.203 10 57042.35269698 50.630
 242 283.020440  40.572233   115.070   115.051 11 57052.26834137 48.703
 243 283.023864  40.571994   115.063   115.042 14 57062.18398132 48.383
 244 283.026796  40.571227   114.987   115.082 12 57072.09961586 37.675
 245 283.028796  40.571136   114.741   115.014 11 57082.01524653 37.458
 246 283.025630  40.572170   115.284   115.222 14 57091.93089173 39.126
 247 283.018425  40.571315   116.127   116.112 10 57101.84654845 48.608
 248 283.017203  40.572189   116.368   116.389  9 57111.76220261 34.382
 249 283.019387  40.572061   168.477   167.442 10 57121.67785103 19.453
 250 283.020677  40.570675   165.340   165.737 12 57131.59349340 18.028
 251 283.023000  40.571990   115.640   115.643 13 57141.50913119 49.479
 252 283.023954  40.572168   164.451   164.398 13 57151.42476525 24.890
 253 283.026795  40.571323   179.634   179.422 13 57161.34039587 22.077
 254 283.024405  40.570714   164.033   163.472 14 57171.25605117 25.054
 255 283.024404  40.570784   202.542   202.451 14 57181.17170569  5.077
 256 283.024699  40.571522   115.560   115.560 14 57191.08735651 49.278
 257 283.024990  40.574620   220.087   216.477 10 57201.00300484  5.498
 258 283.020179  40.571474   115.866   115.853 11 57210.91863806 46.796
 259 283.019628  40.571808   115.365   115.364 11 57220.83428219 38.836
 260 283.020810  40.571411   115.049   114.986 12 57230.74992514 51.536
 261 283.023138  40.571280   162.219   161.756 13 57240.66556585 25.126
 263 283.031128  40.577135   115.274   115.231  8 57260.49684083 51.423
 264 283.026661  40.570643   114.508   114.557 13 57270.41247321 51.144
 265 283.022692  40.571492   114.691   114.662 12 57280.32812670 53.606
 266 283.020460  40.571544   114.673   114.662 12 57290.24378170 52.967
 267 283.020002  40.570972   115.172   115.178 11 57300.15943381 51.370
 268 283.022221  40.572708   114.926   114.940 12 57310.07508305 52.498
 269 283.020853  40.572394   178.138   178.418 11 57319.99072834 13.734
 270 283.017981  40.571615   115.317   115.295  9 57329.90637076 51.955
 271 283.017214  40.571441   166.460   163.871 10 57339.82201141  9.281
 272 283.017046  40.572170   167.822   167.401  9 57349.73766168 20.601
 273 283.019300  40.571379   168.195   168.873 11 57359.65330758 14.434
 274 283.022670  40.571716   115.156   115.176 12 57369.56895053 51.145
 275 283.018960  40.565436   222.110   221.392  7 57379.48458886 12.600
 276 283.018022  40.564203   205.004   204.239  6 57389.40022692  1.712
 277 283.025357  40.572282   178.547   178.499 14 57399.31586647 21.076
 278 283.027501  40.571179   115.278   115.368 13 57409.23150396 49.995
 279 283.026692  40.572473   115.201   115.228 13 57419.14715668 48.552
 280 283.023672  40.571872   115.488   115.452 14 57429.06280639 46.008
 281 283.019790  40.571496   115.924   115.897 11 57438.97845387 48.869
 282 283.017492  40.572220   126.975   124.659  9 57448.89410064 26.829
 283 283.015985  40.571409   115.458   115.461  8 57458.80974597 50.423
 284 283.018093  40.571062   165.849   166.285 10 57468.72538873  9.044
 285 283.023496  40.572113   171.304   174.953 13 57478.64102795  8.219
 286 283.034058  40.581282   116.287   116.237  5 57488.55666593 52.615
 287 283.026949  40.567507   115.735   115.693 12 57498.47229575 46.389
 288 283.029903  40.572337   197.615   201.239 11 57508.38793792  7.604
 289 283.024948  40.571935   115.546   115.544 14 57518.30359309 49.460
 290 283.022969  40.571614   162.004   162.120 13 57528.21924567 25.140
 291 283.024026  40.572178   115.138   115.090 13 57538.13489584 49.210
 292 283.024090  40.571823   115.251   115.225 13 57548.05054324 50.261
 293 283.022418  40.570970   114.965   114.880 13 57557.96618917 50.056
 294 283.020917  40.571449   114.770   114.759 11 57567.88183457 52.519
 295 283.019496  40.570713   114.747   114.719 11 57577.79747915 52.475
 296 283.020747  40.571669   114.749   114.752 12 57587.71312295 45.820
 297 283.022258  40.572293   114.773   114.755 12 57597.62876421 52.800
