#  128.150  -0.679  15.653 ;Mean Elev.(m), Avg Gradient(m/km), RMS Gradient(m/km) - SRTM1     
#  143.323  -1.017  16.629 ;Mean Elev.(m), Avg Gradient(m/km), RMS Gradient(m/km) - ASTER GDEM
#  120.635  -2.968  23.038 ;Mean Elev.(m), Avg Gradient(m/km), RMS Gradient(m/km) - GMTED2010 
   2 283.068741  40.633542   118.894   118.901  8 54672.51401622 49.348
   4 283.067210  40.633530   118.777   118.795  9 54692.34530168 51.950
   8 283.069373  40.633995   118.514   118.543  8 54732.00788906 52.683
   9 283.065440  40.634561   118.683   118.714  9 54741.92353592 41.477
  10 283.063459  40.634487   166.776   166.701  8 54751.83918281 26.693
  11 283.063523  40.633889   118.790   118.780  8 54761.75482960 39.245
  12 283.066047  40.633963   167.178   167.365  9 54771.67047431 21.666
  13 283.068018  40.633635   184.320   182.144  9 54781.58611574 17.873
  14 283.071471  40.636444   212.172   213.135  5 54791.50175517 11.848
  15 283.070109  40.634102   216.662   217.766  7 54801.41739187 10.347
  16 283.071869  40.635170   211.507   211.124  5 54811.33302937 14.881
  17 283.074742  40.637570   120.113   120.055  3 54821.24867070 46.151
  18 283.071849  40.635796   120.714   120.930  5 54831.16432208 44.035
  19 283.066523  40.632769   168.601   166.816  9 54841.07995964 22.774
  20 283.062780  40.634066   119.139   119.091  7 54850.99560856 50.630
  21 283.056671  40.631299   118.813   118.865  3 54860.91125625 49.311
  23 283.056473  40.630810   211.478   212.093  4 54880.74255255  8.661
  24 283.063256  40.634533   177.447   177.082  7 54890.65819808  7.600
  25 283.065275  40.634529   168.078   167.966  9 54900.57383933 17.538
  26 283.064401  40.635016   167.337   167.408  8 54910.48947823 23.454
  27 283.061322  40.633047   119.280   119.185  7 54920.40511508 35.028
  28 283.064294  40.635067   167.203   167.201  8 54930.32075269 22.308
  29 283.068528  40.633421   119.338   119.335  8 54940.23638853 48.164
  33 283.072266  40.635379   119.181   119.262  5 54979.89895854 47.447
  35 283.066895  40.632931   119.077   119.032  9 54999.73025239 49.048
  36 283.066695  40.633445   119.166   119.170  9 55009.64589801 36.683
  37 283.067223  40.634576   166.687   166.862  9 55019.56154204 22.729
  38 283.065104  40.633828   118.904   118.904  9 55029.47718405 50.360
  39 283.064297  40.634648   118.987   119.001  8 55039.39282575 50.680
  40 283.065870  40.634802   119.325   119.326  9 55049.30846617 49.699
  41 283.070729  40.635117   119.367   119.459  7 55059.22410484 48.383
  42 283.073310  40.632600   118.987   119.251  3 55069.13974402 46.416
  43 283.072598  40.632486   118.924   119.300  3 55079.05539355 48.509
  44 283.070816  40.635285   166.059   165.936  7 55088.97104165 22.383
  45 283.066130  40.635284   118.723   118.798  9 55098.88668777 52.399
  46 283.062970  40.634161   118.775   118.793  8 55108.80233338 36.853
  47 283.065006  40.634723   118.904   118.875  9 55118.71797866 51.477
  48 283.067405  40.633182   121.028   120.754  8 55128.63362113 28.167
  50 283.071958  40.636521   119.200   119.352  6 55148.46490118 46.816
  51 283.069890  40.634818   166.801   166.994  7 55158.38053864 25.751
  52 283.070341  40.634993   223.678   226.859  7 55168.29617640 10.753
  53 283.073650  40.636682   119.567   119.683  5 55178.21181392 46.914
  54 283.073598  40.636119   168.343   168.024  5 55188.12745858 21.515
  55 283.068189  40.633269   119.425   119.425  8 55198.04310827 47.141
  56 283.064435  40.633912   118.992   119.041  9 55207.95875795 46.265
  57 283.061207  40.633761   182.289   182.349  6 55217.87440709 21.543
  58 283.059515  40.632896   169.259   168.323  5 55227.79005559 17.779
  59 283.061708  40.633735   119.197   119.142  6 55237.70570184 51.392
  60 283.064989  40.634136   119.021   119.021  9 55247.62134452 49.093
  61 283.066125  40.633878   118.956   118.966  9 55257.53698424 50.491
  62 283.065667  40.634013   168.213   167.700  9 55267.45262279 20.560
  63 283.065414  40.634941   167.263   167.259  9 55277.36826087 19.800
  64 283.066661  40.634120   120.410   120.415  8 55287.28389753 43.817
  65 283.073727  40.636830   119.628   119.794  5 55297.19953309 47.006
  67 283.073804  40.633692   119.572   119.786  4 55317.03081997 44.503
  68 283.072572  40.635614   119.278   119.361  5 55326.94646563 46.181
  69 283.068136  40.633314   166.552   166.216  9 55336.86210941 23.913
  70 283.067126  40.633928   118.926   118.940  9 55346.77775359 49.903
  71 283.066776  40.633459   119.074   119.074  8 55356.69339620 45.081
  72 283.067397  40.633750   118.865   118.838  9 55366.60903693 45.282
  73 283.067609  40.633006   118.642   118.680  8 55376.52467585 48.338
  74 283.068988  40.633483   118.540   118.589  7 55386.44031402 51.669
  75 283.072336  40.635790   118.752   118.860  5 55396.35595175 47.152
  76 283.073142  40.634147   118.791   118.978  4 55406.27159281 47.762
  77 283.071964  40.633771   167.354   167.351  4 55416.18724364 26.760
  78 283.073200  40.636044   118.776   118.830  5 55426.10289193 48.502
  79 283.071741  40.635258   119.003   119.177  6 55436.01853690 45.836
  80 283.067688  40.632511   118.491   118.497  9 55445.93418016 53.125
  81 283.066843  40.634077   118.480   118.526  8 55455.84982397 40.602
  82 283.066485  40.633951   118.518   118.524  8 55465.76546683 49.367
  83 283.069248  40.633943   119.665   119.695  8 55475.68110698 44.600
  84 283.075566  40.637190   180.831   189.880  3 55485.59674489 10.954
  87 283.073083  40.635588   166.410   166.308  5 55515.34366327 25.369
  88 283.068919  40.633611   119.357   119.407  7 55525.25931194 48.001
  89 283.067164  40.633384   169.230   168.427  9 55535.17495922 17.857
  90 283.066179  40.633728   173.766   170.513  9 55545.09060475 16.267
  91 283.065311  40.634889   181.959   181.944  8 55555.00624872 22.739
  92 283.062740  40.633250   181.821   181.999  8 55564.92189122 21.284
  93 283.065790  40.635749   118.958   118.976  9 55574.83753450 45.971
  94 283.067149  40.633298   118.790   118.790  8 55584.75317513 46.672
  95 283.071220  40.633471   118.954   119.075  4 55594.66881309 45.526
  99 283.075354  40.637092   195.966   191.121  3 55634.33137102  8.088
 100 283.073346  40.636013   121.083   121.212  5 55644.24702059 42.944
 101 283.071890  40.633991   119.737   119.985  4 55654.16266721 43.735
 102 283.072327  40.634005   213.575   213.099  4 55664.07831000 15.391
 103 283.071594  40.633938   182.239   181.333  4 55673.99394987 13.987
 104 283.072019  40.635763   121.038   121.172  5 55683.90958885 42.029
 105 283.072052  40.634945   119.705   119.809  5 55693.82522609 45.614
 106 283.073583  40.633682   120.850   121.101  4 55703.74086194 41.419
 107 283.076768  40.638178   120.626   120.626  2 55713.65650856 39.329
 108 283.070812  40.634226   167.826   165.219  7 55723.57215650 24.270
 109 283.066926  40.633368   118.998   118.990  8 55733.48780311 50.356
 110 283.065460  40.633910   119.074   119.069  9 55743.40344881 50.762
 111 283.066707  40.634974   118.935   118.976  9 55753.31909340 52.438
 112 283.069898  40.634666   118.660   118.721  7 55763.23473560 51.008
 113 283.072035  40.632627   118.594   118.874  3 55773.15037462 47.198
 114 283.077986  40.637837   206.172   206.172  2 55783.06601202 15.544
 117 283.076350  40.636820   210.374   210.374  2 55812.81293061 11.387
 118 283.077872  40.638740   119.962   119.962  2 55822.72857960 45.700
 123 283.071867  40.634848   119.370   119.548  6 55872.30678583 47.012
 124 283.071923  40.636015   213.589   211.994  6 55882.22243535 10.363
 125 283.072329  40.635300   120.465   120.644  5 55892.13807810 43.436
 126 283.073243  40.634413   213.075   211.588  4 55902.05371528 14.175
 127 283.072533  40.632529   119.558   119.909  3 55911.96934983 46.685
 128 283.067000  40.632806   167.496   167.587  9 55921.88500406 19.765
 129 283.066530  40.634553   119.546   119.535  9 55931.80065638 41.381
 130 283.067177  40.632842   185.365   185.034  9 55941.71630402 16.985
 131 283.071993  40.635979   183.680   184.314  5 55951.63194848 19.556
 132 283.071836  40.635088   119.723   119.784  5 55961.54758791 46.005
 133 283.070125  40.634265   119.251   119.436  7 55971.46322479 48.156
 134 283.071843  40.636164   179.811   175.890  6 55981.37886112 21.956
 135 283.076220  40.636784   120.311   120.311  2 55991.29449610 43.726
 136 283.078818  40.638233   167.196   167.196  2 56001.21014228 19.990
 137 283.078139  40.638157   208.692   208.692  2 56011.12579214 20.321
 138 283.072485  40.633314   119.147   119.404  4 56021.04143695 47.498
 139 283.069899  40.634472   118.991   118.983  8 56030.95708043 46.212
 140 283.066275  40.633045   118.890   118.915  9 56040.87272147 49.848
 141 283.066964  40.633509   119.241   119.233  9 56050.78836103 48.231
 142 283.070727  40.634322   119.621   119.728  7 56060.70399827 47.191
 143 283.077992  40.638680   119.701   119.701  2 56070.61963707 45.369
 144 283.073427  40.636448   119.401   119.518  5 56080.53528700 47.117
 145 283.067947  40.633922   119.146   119.181  9 56090.45093393 48.120
 146 283.066182  40.634513   118.884   118.964  9 56100.36657927 52.495
 147 283.067218  40.634646   118.735   118.823  9 56110.28221060 52.714
 148 283.071615  40.634768   118.578   118.726  6 56120.19785069 49.550
 151 283.076776  40.637581   118.785   118.785  2 56149.94477172 44.850
 152 283.071972  40.636991   212.543   211.492  5 56159.86042052  9.534
 153 283.067619  40.632480   118.547   118.539  9 56169.77606723 51.360
 154 283.072083  40.635624   118.760   118.855  5 56179.69171261 48.437
 155 283.072833  40.633199   118.772   118.966  4 56189.60735239 44.955
 156 283.076970  40.637532   119.100   119.100  2 56199.52299055 44.242
 158 283.078243  40.638607   215.373   215.373  2 56219.35425730 18.858
 159 283.074940  40.637335   213.838   214.903  3 56229.26990442 16.300
 160 283.071471  40.634971   119.154   119.309  6 56239.18555708 47.211
 161 283.070612  40.635247   119.142   119.170  7 56249.10120671 48.568
 162 283.070010  40.634833   118.905   118.947  7 56259.01685150 49.697
 163 283.068046  40.633436   216.297   212.674  9 56268.93249327  8.403
 164 283.067717  40.633362   119.350   119.336  9 56278.84813381 48.281
 165 283.066470  40.634066   119.722   119.689  9 56288.76378411 40.462
 166 283.066835  40.633491   182.567   182.466  8 56298.67943302 23.417
 167 283.067615  40.632360   120.397   120.385  9 56308.59507783 44.124
 168 283.069834  40.634634   119.087   119.177  7 56318.51072071 45.276
 169 283.067036  40.632815   120.013   120.011  9 56328.42636097 46.950
 170 283.061142  40.625270   219.707   219.707  2 56338.34199881  2.034
 171 283.070220  40.634136   168.583   166.744  7 56348.25763914 23.461
 172 283.078177  40.638323   162.779   162.779  2 56358.17327568 18.613
 173 283.073261  40.633611   185.458   183.719  4 56368.08892407 15.685
 175 283.066991  40.634876   119.717   119.711  9 56387.92021739 44.028
 176 283.064737  40.634562   120.211   120.225  9 56397.83586074 40.086
 177 283.064803  40.633832   167.353   167.323  9 56407.75150187 15.932
 178 283.067283  40.632718   182.792   182.289  9 56417.66713912 22.402
 179 283.075721  40.637101   119.654   119.693  3 56427.58277315 44.863
 180 283.071760  40.636378   119.129   119.236  6 56437.49842554 45.851
 181 283.066047  40.633654   119.195   119.211  9 56447.41407573 49.803
 182 283.065672  40.635868   119.422   119.427  9 56457.32972502 49.224
 183 283.064785  40.634324   119.079   119.113  9 56467.24537030 50.062
 184 283.066991  40.634041   120.537   120.559  9 56477.16101212 42.889
 185 283.071943  40.635846   119.563   119.738  6 56487.07665097 47.713
 186 283.072599  40.633382   118.886   119.077  4 56496.99228617 48.288
 187 283.078196  40.638471   118.968   118.968  2 56506.90792214 39.035
 189 283.072628  40.632634   118.693   119.038  3 56526.73921123 44.564
 190 283.072401  40.633954   118.948   119.147  4 56536.65486200 47.764
 192 283.067832  40.632774   118.868   118.870  9 56556.48615177 39.571
 193 283.067112  40.634331   118.710   118.660  9 56566.40179453 52.022
 194 283.066835  40.634497   118.919   118.927  9 56576.31743566 40.298
 195 283.068984  40.633923   118.736   118.775  7 56586.23307354 50.212
 196 283.071995  40.633612   165.972   166.047  4 56596.14871222 23.386
 197 283.069741  40.634160   118.802   118.870  7 56606.06436431 48.333
 198 283.067237  40.633486   166.525   166.491  9 56615.98001145 24.564
 199 283.067523  40.634511   186.576   186.593  9 56625.89565575 13.636
 200 283.067556  40.633125   212.166   212.155  9 56635.81129690 11.774
 201 283.073058  40.636587   119.045   119.175  5 56645.72693776 46.820
 202 283.070188  40.635010   214.103   213.076  7 56655.64258998 10.516
 203 283.067347  40.632398   119.552   119.516  9 56665.55823757 42.534
 204 283.067097  40.633502   189.215   184.913  9 56675.47388322 17.757
 205 283.067191  40.634875   119.080   119.079  9 56685.38952767 47.135
 206 283.067044  40.633844   119.064   119.049  9 56695.30516957 48.886
 207 283.071631  40.635533   119.656   119.753  5 56705.22080790 27.852
 210 283.065787  40.633916   119.806   119.813  9 56734.96774134 45.819
 211 283.062155  40.633630   179.324   183.302  7 56744.88338762  5.881
 212 283.063415  40.634318   168.107   168.533  7 56754.79903029 15.339
 213 283.067378  40.633635   120.592   120.607  8 56764.71466738 37.759
 214 283.071840  40.634707   119.393   119.626  6 56774.63030507 45.002
 215 283.066831  40.634645   167.145   167.199  9 56784.54596156 21.795
 216 283.061270  40.633603   120.618   120.595  7 56794.46161401 41.022
 217 283.056715  40.630972   119.331   119.319  4 56804.37726258 45.820
 218 283.061276  40.633831   119.134   119.165  6 56814.29290575 49.109
 219 283.065265  40.633500   119.207   119.214  9 56824.20854479 49.449
 221 283.076920  40.637962   119.207   119.207  3 56844.03981305 40.856
 222 283.072567  40.633527   118.998   119.131  4 56853.95545525 47.034
 223 283.069058  40.634069   118.772   118.774  8 56863.87110908 50.298
 224 283.066524  40.633715   118.848   118.784  9 56873.78676228 51.926
 225 283.066736  40.635216   119.271   119.260  9 56883.70241290 48.128
 226 283.065188  40.633935   119.185   119.226  9 56893.61805948 49.833
 227 283.063642  40.634373   118.854   118.871  8 56903.53370305 51.500
 228 283.059700  40.632777   118.717   118.710  6 56913.44934388 51.071
 229 283.060455  40.634096   118.685   118.691  6 56923.36498386 50.871
 230 283.064120  40.634572   118.635   118.678  8 56933.28062146 53.341
 231 283.072012  40.636415   118.620   118.672  6 56943.19625443 43.037
 232 283.073262  40.635905   167.438   167.769  5 56953.11190004 18.160
 233 283.067695  40.632366   118.866   118.817  9 56963.02754935 30.654
 234 283.066611  40.635112   166.136   166.099  9 56972.94319563 25.605
 235 283.066129  40.634892   187.112   181.712  9 56982.85883725 14.813
 236 283.069674  40.634360   167.431   167.593  8 56992.77447459 22.280
 238 283.075119  40.636799   119.730   119.787  3 57012.60576835 46.731
 239 283.070712  40.635064   166.699   166.566  6 57022.52141908 22.458
 240 283.066504  40.634178   119.247   119.296  8 57032.43706705 46.000
 241 283.065207  40.634486   119.177   119.190  9 57042.35271322 51.008
 242 283.066221  40.634444   118.847   118.897  9 57052.26835731 50.418
 243 283.069645  40.634204   118.798   118.882  8 57062.18399726 46.161
 244 283.075122  40.636891   119.137   119.128  3 57072.09963269 35.361
 246 283.072256  40.635534   119.183   119.305  5 57091.93090797 40.978
 247 283.065048  40.634683   120.185   120.229  9 57101.84656469 43.152
 248 283.062980  40.634405   119.735   119.596  7 57111.76221855 33.820
 249 283.066016  40.635429   168.311   168.516  9 57121.67786727 15.713
 250 283.067308  40.634042   168.333   166.816  9 57131.59350964 19.106
 251 283.067935  40.633051   119.587   119.580  8 57141.50914684 40.610
 252 283.069734  40.634380   167.261   167.284  7 57151.42478119 26.742
 253 283.072995  40.634109   181.978   182.116  4 57161.34041196 18.773
 254 283.071877  40.635226   166.153   166.371  6 57171.25606770 25.524
 255 283.071878  40.635292   212.176   211.573  6 57181.17172222 10.915
 256 283.072176  40.636026   119.642   119.760  6 57191.08737304 47.760
 257 283.068227  40.633364   209.802   211.562  9 57201.00301989 11.423
 258 283.065955  40.633677   119.841   119.811  9 57210.91865400 43.651
 259 283.065402  40.634013   119.200   119.133  9 57220.83429813 34.324
 260 283.066584  40.633617   118.944   118.992  8 57230.74994108 50.625
 261 283.069763  40.634638   165.801   165.840  8 57240.66558208 22.781
 262 283.073614  40.636358   118.836   118.889  5 57250.58122046 47.397
 263 283.073095  40.634155   118.739   118.957  4 57260.49685544 47.144
 264 283.072856  40.633426   118.560   118.751  4 57270.41248930 49.872
 265 283.067611  40.632547   118.533   118.523  9 57280.32814234 52.521
 266 283.067075  40.634902   118.595   118.651  9 57290.24379793 53.915
 267 283.065770  40.633176   119.053   119.037  9 57300.15944975 50.136
 268 283.067147  40.633757   118.688   118.685  9 57310.07509870 50.665
 269 283.066630  40.634596   189.237   192.038  9 57319.99074428 10.042
 270 283.064605  40.634971   119.202   119.219  8 57329.90638699 48.802
 271 283.062988  40.633648   120.011   119.931  8 57339.82202735 29.179
 272 283.062823  40.634380   166.987   166.721  7 57349.73767762 19.209
 273 283.065082  40.633589   174.334   169.925  9 57359.65332352 11.666
 274 283.067610  40.632774   118.937   118.921  9 57369.56896618 49.396
 276 283.069655  40.634370   119.906   119.967  7 57389.40024490 45.053
 277 283.071985  40.635647   188.103   188.256  5 57399.31588270 17.494
 278 283.073702  40.633968   119.344   119.525  4 57409.23152005 45.513
 279 283.071625  40.633531   119.277   119.400  4 57419.14717233 46.210
 280 283.069453  40.634081   119.302   119.224  8 57429.06282233 35.057
 281 283.065571  40.633707   119.857   119.847  9 57438.97846981 43.009
 282 283.063270  40.634434   120.466   120.562  7 57448.89411658 31.417
 283 283.062610  40.634778   119.330   119.344  7 57458.80976220 43.632
 284 283.064718  40.634433   186.783   187.085  9 57468.72540496  4.591
 285 283.070127  40.635482   186.655   186.739  6 57478.64104419  5.253
 286 283.072219  40.633126   119.651   119.917  4 57488.55667922 35.622
 288 283.078150  40.637895   119.327   119.327  2 57508.38795471 43.234
 289 283.071575  40.635297   119.601   119.768  5 57518.30360933 47.312
 290 283.068745  40.633823   166.169   166.228  7 57528.21926161 24.125
 291 283.069806  40.634383   118.916   119.015  7 57538.13491178 48.451
 292 283.069871  40.634025   118.981   119.080  7 57548.05055918 49.209
 293 283.069047  40.634324   118.775   118.828  8 57557.96620541 50.450
 294 283.066695  40.633653   118.560   118.641  9 57567.88185051 49.323
 295 283.066118  40.634072   118.622   118.711  8 57577.79749539 46.335
 296 283.066522  40.633877   118.526   118.554  8 57587.71313889 36.257
 297 283.067186  40.633349   118.550   118.575  9 57597.62877985 52.889
