-324993.774   126.984     0.00   15.69
-324705.175   125.858    -3.90   16.27
-324416.558   125.886     0.10   15.34
-324127.923   124.653    -4.27   13.64
-323839.268   123.907    -2.58   12.98
-323550.596   122.799    -3.83   11.46
-323261.904   120.975    -6.32   10.07
-322973.194   118.961    -6.97   10.57
-322684.465   116.728    -7.73   11.74
-322395.718   113.567   -10.94   11.69
-322106.952   111.615    -6.76   11.63
-321818.168   109.017    -8.99   11.77
-321529.365   106.738    -7.89   11.88
-321240.543   103.840   -10.03   10.53
-320951.702   102.698    -3.95   10.54
-320662.843   103.948     4.33   12.04
-320373.965   105.588     5.68   14.64
-320085.069   107.754     7.49   18.21
-319796.154   111.353    12.46   18.98
-319507.220   117.041    19.68   17.92
-319218.268   121.548    15.59   16.48
-318929.297   125.770    14.60   15.90
-318640.307   129.961    14.50   15.90
-318351.298   132.715     9.52   15.39
-318062.271   134.826     7.30   14.05
-317773.225   135.540     2.47   12.42
-317484.161   137.428     6.53   12.27
-317195.078   140.130     9.34   15.13
-316905.976   145.055    17.03   23.47
-316616.855   155.628    36.56   38.91
-316327.716   170.684    52.06   49.13
-316038.558   184.159    46.59   51.40
-315749.381   192.961    30.43   48.89
-315460.186   198.434    18.92   47.66
-315170.972   204.468    20.86   46.49
-314881.739   207.441    10.28   43.49
-314592.487   215.299    27.16   43.53
-314303.217   222.867    26.15   49.27
-314013.927   240.855    62.16   58.11
-313724.620   263.678    78.87   66.21
-313435.293   284.208    70.94   77.27
-313145.948   309.184    86.29   94.28
-312856.583   334.516    87.52  115.49
-312567.201   367.259   113.12  129.02
-312277.799   404.133   127.38  131.82
-311988.379   425.921    75.26  114.08
-311698.939   436.508    36.57   95.40
-311409.481   423.041   -46.51   94.67
-311120.005   395.068   -96.61  110.25
-310830.509   350.729  -153.12  124.59
-310540.995   297.830  -182.66  119.70
-310251.462   243.934  -186.09  104.50
-309961.910   197.545  -160.17   77.28
-309672.339   165.028  -112.26   46.85
-309382.749   145.988   -65.73   29.95
-309093.141   135.169   -37.35   20.69
-308803.514   129.988   -17.88   17.45
-308513.868   128.841    -3.96   17.98
-308224.203   128.245    -2.06   17.85
-307934.520   125.892    -8.12   17.40
-307644.817   125.116    -2.68   17.63
-307355.096   124.124    -3.43   15.11
-307065.356   121.790    -8.05   13.05
-306775.597   119.961    -6.31   12.63
-306485.819   119.468    -1.70   12.39
-306196.022   119.708     0.83   13.27
-305906.207   118.330    -4.75   13.65
-305616.525   117.948    -1.32   13.14
-305330.678   118.948     3.50   12.16
-305044.813   121.211     7.92   11.86
-304758.930   123.482     7.94   12.52
-304473.029   130.170    23.39   22.81
-304187.109   137.646    26.14   30.92
-303901.171   153.988    57.14   46.17
-303615.215   177.780    83.18   65.11
-303329.241   199.975    77.59   76.77
-303043.248   225.290    88.49   88.55
-302757.237   254.185   101.00   93.69
-302471.208   284.140   104.70   99.38
-302185.161   307.239    80.73  104.34
-301899.095   330.272    80.49  110.04
-301613.011   355.175    87.02  115.63
-301326.909   378.989    83.21  107.18
-301040.789   382.475    12.18  101.66
-300754.650   388.356    20.55   94.63
-300468.493   394.133    20.18   87.60
-300182.318   398.201    14.21   83.16
-299896.124   404.225    21.04   91.25
-299609.912   408.264    14.11  100.19
-299323.682   405.841    -8.46  109.73
-299037.434   397.454   -29.29  121.19
-298751.167   367.642  -104.11  133.43
-298464.882   339.698   -97.58  138.62
-298178.578   300.003  -138.61  129.77
-297892.257   252.894  -164.49  105.63
-297605.917   216.961  -125.45   78.16
-297319.558   191.641   -88.40   58.28
-297033.181   174.026   -61.49   42.22
-296746.786   163.401   -37.09   32.60
-296460.373   155.415   -27.88   31.26
-296173.941   149.921   -19.18   26.38
-295887.491   150.359     1.53   22.61
-295601.023   155.336    17.37   24.75
-295314.536   163.124    27.17   30.44
-295028.031   170.353    25.23   33.72
-294741.507   185.401    52.51   47.18
-294454.965   208.106    79.22   63.99
-294168.405   234.135    90.81   79.22
-293881.826   271.715   131.10   91.62
-293595.229   294.488    79.44   85.73
-293308.614   313.137    65.05   74.32
-293021.980   317.367    14.75   69.97
-292735.328   303.340   -48.92   81.58
-292448.658   281.364   -76.64   85.86
-292161.969   264.235   -59.73   72.87
-291875.261   256.043   -28.57   62.77
-291588.536   279.691    82.46   88.18
-291301.791   324.948   157.79  121.29
-291015.029   376.819   180.84  140.09
-290728.248   446.121   241.59  143.04
-290441.448   489.520   151.28  138.06
-290154.631   530.681   143.47  129.77
-289867.794   555.232    85.57  126.69
-289580.940   552.027   -11.17  138.12
-289294.066   526.823   -87.84  143.52
-289007.175   491.295  -123.80  148.67
-288720.265   450.070  -143.65  139.91
-288433.336   398.159  -180.87  125.57
-288146.389   355.169  -149.78  103.61
-287859.424   324.055  -108.40   82.87
-287572.440   313.201   -37.81   67.55
-287285.438   313.251     0.17   59.42
-286998.417   329.948    58.16   72.96
-286711.378   354.420    85.23   88.55
-286424.320   399.580   157.28  122.54
-286137.244   446.488   163.36  139.67
-285850.149   496.824   175.28  140.20
-285563.036   550.935   188.41  135.22
-285275.904   603.580   183.30  127.06
-284988.754   651.359   166.35  116.22
-284701.585   696.281   156.39   96.87
-284414.398   729.663   116.21   78.85
-284127.193   763.567   118.02   69.91
-283839.968   785.799    77.39   77.34
-283552.726   802.290    57.40   80.87
-283265.464   802.128    -0.56   95.11
-282978.185   790.198   -41.52  108.44
-282690.886   776.772   -46.72  110.59
-282403.570   749.175   -96.03  114.40
-282116.234   717.247  -111.09  106.79
-281828.880   689.588   -96.23   89.40
-281541.508   651.961  -130.90   79.72
-281254.117   627.718   -84.33   67.91
-280966.707   612.295   -53.65   61.46
-280679.279   607.841   -15.49   58.38
-280391.833   618.323    36.45   58.39
-280104.367   635.086    58.30   61.59
-279816.884   656.759    75.37   65.24
-279529.381   674.335    61.12   74.58
-279241.860   684.843    36.54   89.13
-278954.321   697.375    43.57   97.93
-278666.763   706.338    31.16  104.64
-278379.186   710.681    15.10  107.59
-278091.591   715.751    17.62   95.20
-277803.977   715.864     0.39   81.82
-277516.345   724.348    29.49   67.16
-277228.694   738.043    47.60   56.77
-276941.024   751.100    45.38   55.85
-276653.336   759.852    30.41   65.97
-276365.629   772.738    44.78   75.28
-276077.903   779.585    23.79   81.47
-275790.159   794.628    52.27   79.19
-275502.396   799.192    15.86   80.38
-275214.615   799.869     2.35   85.62
-274926.815   790.681   -31.92   97.02
-274638.996   767.690   -79.86  104.62
-274351.159   746.434   -73.83  115.59
-274063.303   729.277   -59.59  126.31
-273775.428   711.085   -63.18  126.36
-273487.535   679.695  -109.01  135.17
-273199.623   660.260   -67.49  140.68
-272911.693   646.561   -47.56  139.06
-272623.743   636.987   -33.24  139.78
-272335.776   622.721   -49.53  138.29
-272047.789   612.853   -34.26  139.70
-271759.784   616.601    13.01  141.47
-271471.760   635.434    65.37  134.99
-271183.717   654.060    64.65  133.05
-270895.656   685.245   108.23  135.77
-270607.576   714.188   100.44  133.63
-270319.477   730.593    56.93  129.42
-270031.360   744.495    48.24  119.71
-269743.223   752.871    29.06  118.48
-269455.069   750.422    -8.50  116.66
-269166.895   739.308   -38.56  116.88
-268878.703   718.030   -73.82  111.11
-268590.492   700.448   -60.99  117.77
-268302.262   696.148   -14.92  116.09
-268014.014   687.016   -31.67  113.03
-267725.746   682.601   -15.31  108.30
-267437.460   692.027    32.69  104.96
-267149.156   705.461    46.59   88.31
-266860.832   722.175    57.95   78.80
-266572.490   737.369    52.68   76.63
-266284.129   754.975    61.04   77.01
-265995.750   768.948    48.44   83.86
-265707.351   795.086    90.61   89.70
-265418.934   804.836    33.80   99.64
-265130.498   820.921    55.75  109.69
-264842.043   836.655    54.53  110.80
-264553.570   839.801    10.91  113.38
-264265.077   840.039     0.82  111.69
-263976.566   845.786    19.91  102.67
-263688.036   856.761    38.03   88.64
-263399.488   861.561    16.63   72.25
-263110.920   860.605    -3.31   60.10
-262822.334   860.988     1.33   49.43
-262533.729   862.345     4.70   40.12
-262245.105   868.088    19.89   34.61
-261956.462   877.745    33.45   37.01
-261667.801   890.615    44.57   40.95
-261379.120   905.871    52.83   40.63
-261090.421   920.396    50.30   34.50
-260801.703   930.948    36.54   26.47
-260512.966   934.748    13.16   27.28
-260224.210   929.989   -16.48   41.73
-259935.436   918.553   -39.59   55.69
-259646.642   902.427   -55.83   69.96
-259357.830   877.191   -87.36   82.95
-259068.999   848.110  -100.66   89.23
-258780.149   816.095  -110.81   92.49
-258491.280   785.728  -105.10   91.02
-258202.392   758.908   -92.82   90.04
-257913.486   741.728   -59.45   92.08
-257624.560   733.788   -27.47   98.68
-257335.616   737.894    14.21  108.40
-257046.653   753.238    53.09  114.81
-256757.671   784.194   107.10  113.09
-256468.670   802.482    63.26  121.50
-256179.650   838.054   123.05  122.55
-255890.611   866.527    98.49  117.89
-255601.553   875.819    32.14  112.93
-255312.477   869.041   -23.44  114.02
-255023.381   836.080  -113.99  126.41
-254734.267   787.718  -167.24  146.00
-254445.133   718.153  -240.54  146.19
-254155.981   659.225  -203.75  130.29
-253866.810   618.394  -141.17  113.39
-253577.620   609.286   -31.49  109.88
-253288.411   620.646    39.27  125.43
-252999.183   650.435   102.97  145.56
-252709.936   702.782   180.93  148.99
-252420.670   747.422   154.29  140.15
-252131.385   795.040   164.57  132.72
-251842.081   842.797   165.04  126.10
-251552.758   877.761   120.82  112.54
-251263.416   906.896   100.67   95.46
-250974.056   921.852    51.68   94.87
-250684.676   914.695   -24.73  119.62
-250395.277   896.396   -63.22  140.87
-250105.860   862.795  -116.07  157.94
-249816.423   834.855   -96.51  165.72
-249526.967   793.172  -143.97  173.38
-249237.493   743.178  -172.67  162.69
-248947.999   689.732  -184.58  144.79
-248658.486   659.920  -102.95  131.81
-248368.955   637.879   -76.11  130.77
-248079.404   642.516    16.01  132.74
-247789.834   649.672    24.71  123.73
-247500.246   631.201   -63.77  121.42
-247210.638   610.039   -73.06  121.16
-246921.011   590.146   -68.67  114.65
-246631.365   572.172   -62.04  115.18
-246341.701   530.961  -142.24   99.61
-246052.017   493.592  -128.97   87.63
-245762.314   476.619   -58.57   81.27
-245472.592   465.097   -39.76   77.20
-245182.851   448.633   -56.81   75.75
-244893.091   431.182   -60.21   73.88
-244603.312   422.502   -29.95   73.50
-244313.513   405.923   -57.20   65.90
-244023.696   400.068   -20.20   61.87
-243733.860   395.628   -15.32   56.29
-243445.739   403.108    25.96   60.39
-243159.925   415.529    43.45   66.42
-242874.092   429.406    48.54   64.65
-242588.240   439.249    34.43   61.09
-242302.371   463.815    85.91   69.30
-242016.482   503.422   138.51   85.14
-241730.576   544.815   144.75   92.29
-241444.651   582.637   132.25   90.39
-241158.707   620.272   131.59   76.75
-240872.745   646.401    91.35   60.73
-240586.765   662.388    55.89   53.68
-240300.766   672.249    34.47   56.57
-240014.749   678.356    21.35   66.84
-239728.713   684.826    22.62   70.89
-239442.658   685.114     1.01   74.97
-239156.586   678.044   -24.71   76.19
-238870.494   660.121   -62.63   80.39
-238584.385   635.908   -84.61   90.90
-238298.257   608.535   -95.65   97.18
-238012.110   578.780  -103.96   97.71
-237725.945   551.988   -93.60   93.39
-237439.761   519.685  -112.85   82.82
-237153.559   494.869   -86.69   75.96
-236867.338   477.701   -59.97   75.06
-236581.099   458.475   -67.16   75.54
-236294.841   442.624   -55.36   70.33
-236008.565   437.729   -17.10   66.24
-235722.270   449.164    39.93   79.76
-235435.957   474.593    88.80   94.01
-235149.625   504.286   103.68   93.15
-234863.275   533.975   103.66   81.29
-234576.906   546.590    44.04   74.83
-234290.518   554.448    27.43   76.79
-234004.112   553.388    -3.70   79.79
-233717.688   551.523    -6.51   73.79
-233431.245   562.126    37.01   69.90
-233144.783   571.896    34.10   72.09
-232858.303   591.367    67.95   66.20
-232571.804   615.575    84.48   63.30
-232285.287   640.067    85.46   60.75
-231998.751   654.580    50.64   65.01
-231712.196   682.533    97.53   59.11
-231425.623   701.281    65.41   59.46
-231139.032   724.416    80.71   62.72
-230852.421   748.161    82.83   70.01
-230565.792   776.313    98.19   77.54
-230279.145   791.003    51.24   68.91
-229992.479   786.517   -15.65   79.74
-229705.794   761.708   -86.52  105.16
-229419.091   717.880  -152.84  134.35
-229132.369   647.290  -246.15  153.79
-228845.629   573.897  -255.91  149.02
-228558.870   503.935  -243.92  120.26
-228272.092   441.795  -216.64   96.55
-227985.295   400.383  -144.37   77.11
-227698.480   368.422  -111.41   56.73
-227411.647   345.407   -80.22   44.16
-227124.795   332.070   -46.49   43.59
-226837.924   314.656   -60.69   40.88
-226551.034   301.551   -45.67   37.79
-226264.126   287.164   -50.13   36.52
-225977.199   275.108   -42.01   35.41
-225690.253   266.554   -29.81   33.28
-225403.289   255.026   -40.16   31.36
-225116.306   244.611   -36.29   32.78
-224829.305   235.961   -30.13   33.53
-224542.284   223.448   -43.59   33.27
-224255.246   211.701   -40.92   30.80
-223968.188   201.361   -36.01   25.56
-223681.112   192.027   -32.51   17.27
-223394.017   186.057   -20.79   14.80
-223106.903   181.866   -14.60   14.23
-222819.771   178.277   -12.49   12.27
-222532.619   179.580     4.54   13.79
-222245.450   179.790     0.73   15.98
-221958.261   180.884     3.81   17.34
-221671.054   182.619     6.04   18.82
-221383.828   186.695    14.19   21.98
-221096.583   193.660    24.24   30.38
-220809.320   203.670    34.84   40.86
-220522.038   219.843    56.29   55.71
-220234.737   250.828   107.83   80.48
-219947.417   285.840   121.83  102.01
-219660.079   317.264   109.34  112.14
-219372.722   351.775   120.07  114.14
-219085.346   380.429    99.69  113.12
-218797.951   415.221   121.04  111.15
-218510.538   441.909    92.84  107.11
-218223.106   458.655    58.25   96.57
-217935.655   464.041    18.74   84.41
-217648.185   462.907    -3.95   84.59
-217360.697   447.906   -52.17   96.50
-217073.189   413.786  -118.65  108.49
-216785.663   379.748  -118.36  103.26
-216498.118   356.494   -80.86   93.39
-216210.555   336.228   -70.46   82.03
-215922.972   311.130   -87.25   78.19
-215635.371   295.198   -55.39   69.99
-215347.751   283.948   -39.11   67.92
-215060.112   280.751   -11.11   66.50
-214772.455   268.340   -43.14   66.10
-214484.778   251.448   -58.71   63.92
-214197.083   238.167   -46.16   60.94
-213909.369   225.386   -44.41   65.23
-213621.636   207.841   -60.96   67.10
-213333.884   192.290   -54.03   63.71
-213046.113   181.935   -35.98   55.89
-212758.324   176.777   -17.92   47.46
-212470.515   171.948   -16.77   42.55
-212182.688   165.728   -21.61   44.86
-211894.842   166.326     2.08   47.23
-211606.977   157.461   -30.79   50.54
-211319.094   141.336   -56.00   50.62
-211031.191   123.646   -61.44   41.40
-210743.269   109.815   -48.03   30.28
-210455.329   102.159   -26.58   24.91
-210167.370   100.922    -4.29   25.42
-209879.392   104.348    11.89   31.18
-209591.395   108.026    12.77   37.25
-209303.379   108.121     0.33   37.81
-209015.344   104.106   -13.94   34.08
-208727.290    96.735   -25.59   28.53
-208439.218    89.894   -23.74   22.05
-208151.126    81.660   -28.58   15.34
-207863.016    76.934   -16.40   11.31
-207574.886    73.948   -10.36    9.21
-207286.738    71.540    -8.35    8.91
-206998.571    68.988    -8.86    8.57
-206710.385    67.559    -4.96    8.90
-206422.180    65.896    -5.77    9.53
-206133.956    64.881    -3.52   10.40
-205845.713    63.551    -4.62   11.57
-205557.451    63.030    -1.81   11.02
-205269.170    57.659   -18.63   15.90
-204980.870    51.015   -23.04   19.36
-204692.552    48.326    -9.32   19.14
-204404.214    48.106    -0.76   18.92
-204115.857    49.264     4.01   19.32
-203827.482    54.273    17.37   19.52
-203539.087    57.449    11.01   18.46
-203250.673    63.567    21.21   11.58
-202962.241    66.108     8.81    7.38
-202673.789    65.868    -0.83    6.57
-202385.319    65.198    -2.32    6.37
-202096.829    64.427    -2.67    6.22
-201808.321    64.353    -0.26    6.23
-201519.793    64.247    -0.37    6.41
-201231.247    63.078    -4.05    7.12
-200942.681    61.435    -5.69    7.27
-200654.097    60.115    -4.57    7.69
-200365.493    58.961    -4.00    6.65
-200076.870    58.133    -2.87    6.97
-199788.229    56.878    -4.35    7.39
-199499.568    56.989     0.38    7.78
-199210.888    57.001     0.04    7.06
-198922.190    57.313     1.08    6.39
-198633.472    58.093     2.70    7.04
-198344.735    59.091     3.46    7.23
-198055.979    59.401     1.07    7.46
-197767.204    58.961    -1.52    7.19
-197478.410    58.215    -2.59    7.12
-197189.597    57.764    -1.56    6.64
-196900.765    58.548     2.71    6.38
-196611.914    60.028     5.12    7.00
-196323.044    62.114     7.22    6.87
-196034.154    63.879     6.11    6.73
-195745.246    65.335     5.04    6.14
-195456.318    66.251     3.17    5.41
-195167.372    66.304     0.18    4.87
-194878.406    65.910    -1.36    5.20
-194589.421    64.988    -3.19    6.20
-194300.417    63.615    -4.75    6.93
-194011.394    63.448    -0.58    6.78
-193722.352    64.531     3.75    6.45
-193433.291    64.804     0.94    6.42
-193144.210    64.321    -1.67    5.88
-192855.111    64.695     1.29    5.20
-192565.992    64.304    -1.35    5.45
-192276.855    63.513    -2.73    5.36
-191987.698    62.786    -2.51    5.21
-191698.522    62.468    -1.10    5.39
-191409.326    61.793    -2.33    5.45
-191120.112    60.610    -4.09    5.73
-190830.879    59.593    -3.52    6.29
-190541.626    57.797    -6.21    6.80
-190252.354    55.386    -8.33    7.16
-189963.063    53.702    -5.82    7.16
-189673.753    52.910    -2.74    7.01
-189384.424    52.423    -1.68    6.49
-189095.075    52.527     0.36    6.09
-188805.707    53.922     4.82    6.57
-188516.320    55.751     6.32    6.22
-188226.914    57.340     5.49    6.15
-187937.489    58.253     3.15    6.00
-187648.045    59.181     3.20    5.84
-187358.581    60.668     5.14    5.38
-187069.098    62.095     4.93    5.11
-186779.596    63.619     5.27    5.77
-186490.074    64.858     4.28    6.05
-186200.534    66.295     4.96    6.52
-185910.974    67.356     3.66    7.09
-185621.395    67.175    -0.63    8.14
-185331.797    66.564    -2.11    8.75
-185042.179    66.356    -0.72    8.72
-184752.543    65.869    -1.68    8.34
-184462.887    66.331     1.59    7.96
-184173.211    67.650     4.55    7.49
-183883.517    69.780     7.35    7.67
-183593.803    71.494     5.92    7.60
-183304.070    73.718     7.67    6.33
-183014.318    75.304     5.47    5.34
-182724.546    75.601     1.03    5.40
-182434.756    76.093     1.70    5.73
-182144.945    76.029    -0.22    5.72
-181855.116    76.126     0.33    5.93
-181565.267    76.185     0.20    6.00
-181278.702    76.767     2.03    6.27
-180992.913    77.052     1.00    6.10
-180707.105    77.361     1.08    6.08
-180421.279    77.455     0.33    6.45
-180135.434    77.922     1.63    6.58
-179849.570    78.185     0.92    7.02
-179563.688    78.205     0.07    6.89
-179277.787    77.624    -2.03    6.73
-178991.868    77.396    -0.80    6.83
-178705.930    76.646    -2.62    7.27
-178419.973    75.934    -2.49    7.33
-178133.997    75.935     0.00    7.03
-177848.003    75.211    -2.53    6.91
-177561.990    74.764    -1.56    6.73
-177275.959    75.156     1.37    5.97
-176989.909    75.277     0.42    5.73
-176703.840    75.494     0.76    5.43
-176417.753    75.208    -1.00    5.25
-176131.646    75.081    -0.44    5.05
-175845.522    75.427     1.21    4.81
-175559.378    74.633    -2.78    5.29
-175273.216    72.633    -6.99    6.46
-174987.035    71.394    -4.33    6.35
-174700.835    71.606     0.74    6.98
-174414.617    72.027     1.47    7.42
-174128.380    73.119     3.81    8.56
-173842.124    74.885     6.17    9.12
-173555.849    76.611     6.03    8.41
-173269.556    78.304     5.91    7.68
-172983.244    78.668     1.27    7.15
-172696.913    77.535    -3.96    6.30
-172410.564    76.003    -5.35    5.11
-172124.196    75.670    -1.16    4.92
-171837.809    75.055    -2.15    5.14
-171551.403    73.735    -4.61    4.79
-171264.978    72.751    -3.43    4.58
-170978.535    71.948    -2.80    4.58
-170692.073    71.205    -2.59    4.68
-170405.592    70.602    -2.10    5.48
-170119.093    69.923    -2.37    5.78
-169832.575    68.764    -4.04    5.77
-169546.037    67.715    -3.66    5.77
-169259.482    65.361    -8.21    7.20
-168972.907    63.394    -6.86    7.46
-168686.313    61.781    -5.63    7.21
-168399.701    61.537    -0.85    6.68
-168113.070    60.695    -2.94    6.49
-167826.420    60.356    -1.18    6.39
-167539.752    61.461     3.85    7.08
-167253.064    62.715     4.37    7.21
-166966.358    61.628    -3.79    8.29
-166679.633    61.001    -2.19    8.80
-166392.889    59.234    -6.16    9.50
-166106.126    58.272    -3.35    9.86
-165819.344    56.637    -5.70   10.17
-165532.544    54.935    -5.93    9.39
-165245.725    53.866    -3.73    8.12
-164958.887    53.093    -2.69    7.92
-164672.030    52.910    -0.64    7.77
-164385.154    51.624    -4.48    7.05
-164098.259    50.756    -3.02    6.55
-163811.346    50.804     0.16    6.69
-163524.413    51.218     1.44    6.86
-163237.462    51.054    -0.57    6.96
-162950.492    50.637    -1.45    6.56
-162663.503    49.434    -4.19    6.39
-162376.495    48.795    -2.23    6.05
-162089.468    47.633    -4.05    5.88
-161802.422    46.815    -2.85    5.56
-161515.358    47.002     0.65    5.41
-161228.274    47.369     1.28    5.69
-160941.172    47.572     0.71    5.24
-160654.051    47.832     0.90    4.73
-160366.911    48.551     2.51    4.62
-160079.752    49.156     2.11    4.70
-159792.574    50.238     3.77    5.01
-159505.377    51.461     4.26    5.65
-159218.161    53.097     5.69    5.54
-158930.926    54.340     4.33    5.65
-158643.672    55.729     4.83    5.89
-158356.400    56.828     3.83    5.91
-158069.108    58.175     4.69    5.49
-157781.797    59.234     3.69    5.23
-157494.468    59.845     2.12    4.72
-157207.119    60.320     1.66    4.24
-156919.752    59.856    -1.62    4.31
-156632.366    59.130    -2.53    4.87
-156344.960    58.893    -0.83    4.91
-156057.536    58.394    -1.74    4.73
-155770.093    58.093    -1.05    4.67
-155482.630    57.235    -2.98    6.03
-155195.149    56.481    -2.62    6.18
-154907.649    54.922    -5.42    6.82
-154620.130    53.715    -4.20    6.42
-154332.591    52.423    -4.49    5.35
-154045.034    52.304    -0.42    5.55
-153757.458    52.052    -0.87    5.50
-153469.863    51.897    -0.54    5.84
-153182.249    51.375    -1.81    5.86
-152894.615    51.461     0.30    5.62
-152606.963    52.323     2.99    5.22
-152319.292    51.935    -1.35    5.43
-152031.601    50.988    -3.29    5.69
-151743.892    50.156    -2.89    5.71
-151456.164    48.590    -5.44    5.90
-151168.416    46.769    -6.33    5.72
-150880.650    44.801    -6.84    6.17
-150592.864    42.754    -7.11    6.42
-150305.059    40.208    -8.84    6.25
-150017.236    37.772    -8.46    5.59
-149729.393    36.804    -3.36    5.73
-149441.531    36.554    -0.87    6.75
-149153.650    36.353    -0.70    7.46
-148865.751    36.826     1.64    7.78
-148577.832    36.751    -0.26    7.78
-148289.893    36.685    -0.23    7.20
-148001.936    35.559    -3.91    7.08
-147713.960    34.156    -4.87    7.18
-147425.965    31.533    -9.11    6.94
-147137.950    28.659    -9.98    7.59
-146849.917    25.867    -9.69    7.92
-146561.864    24.055    -6.29    7.49
-146273.792    21.633    -8.41    6.71
-145985.701    19.304    -8.08    7.30
-145697.591    16.281   -10.49    7.92
-145409.462    11.910   -15.17   12.23
-145121.314     7.269   -16.10   13.81
-144833.146     3.705   -12.37   14.24
-144544.960     0.104   -12.49   13.96
-144256.754    -1.354    -5.06   13.84
-143968.529    -1.078     0.96   14.67
-143680.285     1.121     7.63   15.18
-143392.022     2.369     4.33   15.27
-143103.740     2.235    -0.46   15.46
-142815.439     2.570     1.16   15.48
-142527.118     6.040    12.04   15.87
-142238.778     7.442     4.86   17.64
-141950.419     7.577     0.47   17.95
-141662.041     6.830    -2.59   18.50
-141373.644     8.102     4.41   17.37
-141085.227     8.312     0.73   17.15
-140796.792     6.908    -4.87   15.76
-140508.337     7.813     3.14   14.67
-140219.863    10.114     7.98   13.10
-139931.369    13.495    11.72   11.59
-139642.857    16.695    11.09    7.47
-139354.325    17.403     2.45    6.72
-139065.774    16.923    -1.66    6.97
-138777.204    17.154     0.80    8.48
-138488.615    14.290    -9.92   12.09
-138200.006    13.325    -3.34   12.61
-137911.378    11.494    -6.34   12.91
-137622.731    10.678    -2.83   13.12
-137334.065    11.251     1.99   13.66
-137045.380    13.119     6.47   13.42
-136756.675    14.597     5.12   12.06
-136467.951    15.868     4.40   11.34
-136179.207    18.672     9.71   10.30
-135890.445    22.067    11.75   10.52
-135601.663    25.741    12.72   10.72
-135312.862    28.377     9.13    9.95
-135024.042    29.702     4.59    8.44
-134735.202    31.521     6.30    6.80
-134446.343    32.664     3.96    5.50
-134157.465    32.817     0.53    5.29
-133868.567    32.920     0.36    5.37
-133579.651    31.880    -3.60    5.35
-133290.714    30.921    -3.32    6.37
-133001.759    29.935    -3.41    7.14
-132712.784    29.494    -1.53    7.10
-132423.790    29.218    -0.96    7.13
-132134.777    29.527     1.07    6.40
-131845.744    29.869     1.18    6.43
-131556.692    31.502     5.65    6.08
-131267.621    32.055     1.91    6.15
-130978.530    31.409    -2.23    6.76
-130689.420    30.421    -3.42    7.29
-130400.291    30.338    -0.29    8.25
-130111.142    30.234    -0.36    8.91
-129821.974    28.559    -5.79    9.28
-129532.787    28.397    -0.56    8.35
-129243.580    26.987    -4.88    8.38
-128954.354    27.790     2.78    7.81
-128665.109    27.641    -0.51    7.20
-128375.844    27.198    -1.53    6.29
-128086.560    27.290     0.32    5.30
-127797.256    27.055    -0.81    5.19
-127507.933    26.121    -3.23    5.37
-127218.591    26.156     0.12    4.97
-126929.229    27.513     4.69    5.69
-126639.848    28.527     3.51    6.48
-126350.447    29.705     4.07    7.11
-126061.027    30.619     3.16    7.76
-125771.588    31.869     4.32    7.46
-125482.129    33.975     7.27    7.01
-125192.651    35.475     5.18    7.43
-124903.153    36.735     4.35    7.10
-124613.636    38.041     4.51    7.25
-124324.100    39.580     5.31    7.28
-124034.544    42.185     9.00    7.40
-123744.969    43.935     6.04    7.54
-123455.374    46.040     7.27    7.48
-123165.760    46.832     2.73    7.20
-122876.126    48.896     7.13    7.06
-122586.473    51.083     7.55    6.50
-122296.800    52.501     4.89    6.93
-122007.108    54.561     7.11    6.29
-121717.396    56.561     6.90    6.15
-121427.665    58.078     5.23    6.25
-121137.915    59.052     3.36    6.10
-120848.145    58.769    -0.98    6.15
-120558.356    58.756    -0.04    6.32
-120268.547    59.260     1.74    7.25
-119978.718    59.211    -0.17    8.04
-119688.870    59.628     1.44    8.73
-119399.745    60.606     3.38   10.03
-119114.006    61.340     2.57    9.61
-118828.248    60.907    -1.51    8.72
-118542.471    60.556    -1.23    8.41
-118256.675    59.754    -2.81    8.81
-117970.860    57.987    -6.18    8.78
-117685.027    57.659    -1.15    8.49
-117399.175    58.052     1.38    8.81
-117113.303    58.273     0.77    8.63
-116827.413    59.104     2.91    8.38
-116541.505    59.416     1.09    7.84
-116255.577    58.853    -1.97    7.44
-115969.631    57.304    -5.42    7.90
-115683.665    56.633    -2.35    7.45
-115397.681    57.475     2.95    7.93
-115111.678    58.295     2.87    8.65
-114825.656    59.067     2.70    9.23
-114539.615    59.091     0.09    9.42
-114253.555    58.538    -1.93    9.67
-113967.477    58.461    -0.27    9.60
-113681.379    57.705    -2.64    9.97
-113395.263    56.767    -3.28    9.64
-113109.127    57.664     3.14    9.50
-112822.973    58.610     3.31    9.91
-112536.800    59.299     2.41   10.84
-112250.608    61.146     6.45   12.17
-111964.397    64.054    10.16   12.57
-111678.167    67.921    13.51   12.50
-111391.919    69.167     4.35   12.94
-111105.651    71.182     7.04   13.29
-110819.364    73.883     9.43   12.79
-110533.059    75.065     4.13   13.55
-110246.734    76.731     5.82   13.72
-109960.391    75.572    -4.05   14.24
-109674.029    74.081    -5.20   13.97
-109387.647    73.815    -0.93   14.19
-109101.247    72.770    -3.65   13.42
-108814.828    70.817    -6.82   12.07
-108528.390    69.191    -5.67   10.63
-108241.933    68.948    -0.85   10.53
-107955.457    69.308     1.26   11.07
-107668.961    69.500     0.67   10.69
-107382.447    70.910     4.92   12.55
-107095.914    73.455     8.88   13.86
-106809.362    76.756    11.52   13.99
-106522.791    80.650    13.58   13.26
-106236.201    82.910     7.88   11.32
-105949.592    85.772     9.99   10.81
-105662.964    85.909     0.48   10.02
-105376.317    86.409     1.74   10.45
-105089.651    88.121     5.97   10.11
-104802.966    92.441    15.07    9.98
-104516.262    97.659    18.20   12.65
-104229.539   105.185    26.25   18.09
-103942.797   111.436    21.80   18.97
-103656.036   114.718    11.44   17.21
-103369.256   117.974    11.35   16.00
-103082.456   120.195     7.74   14.64
-102795.638   120.922     2.54   14.97
-102508.801   119.343    -5.51   14.02
-102221.944   119.057    -1.00   13.54
-101935.069   119.856     2.78   13.45
-101648.175   120.601     2.60   13.21
-101361.261   120.353    -0.86   13.33
-101074.328   120.416     0.22   13.20
-100787.377   120.320    -0.33   13.46
-100500.406   120.843     1.82   12.86
-100213.416   123.494     9.24   15.15
 -99926.407   131.208    26.88   22.22
 -99639.379   143.948    44.38   31.83
 -99352.332   165.108    73.71   42.34
 -99065.266   190.655    88.98   51.67
 -98778.181   218.427    96.73   61.52
 -98491.076   248.239   103.83   66.14
 -98203.953   274.281    90.69   59.65
 -97916.810   292.735    64.26   47.21
 -97629.648   307.832    52.57   35.54
 -97342.467   324.676    58.65   31.43
 -97055.267   340.585    55.39   37.04
 -96768.048   357.333    58.31   45.64
 -96480.810   371.256    48.47   50.35
 -96193.553   384.689    46.76   50.85
 -95906.276   392.043    25.60   47.31
 -95618.980   391.268    -2.70   47.86
 -95331.665   388.146   -10.87   51.47
 -95044.331   384.421   -12.96   52.88
 -94756.978   374.606   -34.15   54.87
 -94469.606   368.468   -21.36   51.83
 -94182.215   368.793     1.13   50.26
 -93894.804   370.052     4.38   48.77
 -93607.374   374.167    14.31   45.27
 -93319.925   375.526     4.73   40.27
 -93032.457   375.481    -0.16   28.90
 -92744.969   375.868     1.35   20.88
 -92457.463   377.678     6.29   16.22
 -92169.937   376.383    -4.50   16.08
 -91882.392   376.286    -0.34   17.90
 -91594.828   376.040    -0.85   20.49
 -91307.244   373.081   -10.29   23.81
 -91019.642   369.598   -12.11   26.30
 -90732.020   362.999   -22.94   29.71
 -90444.379   353.731   -32.22   32.07
 -90156.719   344.974   -30.44   33.02
 -89869.039   332.974   -41.71   31.54
 -89581.340   320.859   -42.11   32.43
 -89293.622   307.668   -45.84   34.05
 -89005.885   294.988   -44.07   31.39
 -88718.129   284.343   -36.99   27.67
 -88430.353   276.434   -27.48   25.91
 -88142.558   271.002   -18.87   24.25
 -87854.744   267.388   -12.56   25.33
 -87566.910   264.026   -11.68   28.29
 -87279.057   258.897   -17.82   28.72
 -86991.185   255.396   -12.16   28.62
 -86703.294   250.390   -17.39   28.65
 -86415.383   243.767   -23.00   28.93
 -86127.454   233.869   -34.37   27.84
 -85839.504   227.340   -22.67   25.48
 -85551.536   226.633    -2.46   25.99
 -85263.548   230.027    11.79   29.46
 -84975.541   237.775    26.90   37.80
 -84687.515   249.637    41.18   47.17
 -84399.469   260.320    37.09   50.05
 -84111.404   267.026    23.27   50.58
 -83823.320   273.151    21.26   52.67
 -83535.216   273.949     2.77   51.77
 -83247.093   278.961    17.40   51.70
 -82958.951   277.065    -6.58   49.79
 -82670.789   271.881   -17.99   42.56
 -82382.608   275.843    13.75   38.39
 -82094.408   279.388    12.30   35.47
 -81806.188   284.001    16.01   34.32
 -81517.949   290.182    21.44   33.41
 -81229.691   295.780    19.42   32.98
 -80941.413   300.936    17.88   35.17
 -80653.116   307.390    22.39   40.02
 -80364.799   315.782    29.10   44.07
 -80076.463   326.205    36.15   45.39
 -79788.108   337.841    40.35   46.88
 -79499.734   349.083    38.98   49.69
 -79211.340   359.148    34.90   49.65
 -78922.926   370.222    38.39   48.58
 -78634.493   373.401    11.02   47.81
 -78346.041   379.188    20.06   46.54
 -78057.570   390.208    38.20   45.28
 -77769.079   400.338    35.11   45.19
 -77480.568   409.871    33.04   46.19
 -77192.038   424.533    50.81   42.23
 -76903.489   431.494    24.12   37.42
 -76614.921   438.429    24.03   32.02
 -76326.332   444.691    21.70   29.93
 -76037.725   449.461    16.53   28.29
 -75749.098   454.409    17.14   26.15
 -75460.451   459.881    18.96   24.92
 -75171.786   467.244    25.50   24.43
 -74883.100   474.234    24.21   23.14
 -74594.396   479.777    19.20   21.53
 -74305.671   485.922    21.28   19.34
 -74016.928   487.430     5.22   19.91
 -73728.164   484.115   -11.48   27.20
 -73439.382   479.975   -14.34   31.48
 -73150.580   474.935   -17.45   34.37
 -72861.758   470.521   -15.28   35.75
 -72572.917   469.908    -2.12   34.02
 -72284.057   468.801    -3.83   30.13
 -71995.176   468.869     0.24   24.97
 -71706.277   466.156    -9.39   26.42
 -71417.358   459.260   -23.87   32.99
 -71128.419   450.679   -29.70   36.50
 -70839.461   439.585   -38.39   39.48
 -70550.484   429.338   -35.46   40.16
 -70261.487   417.732   -40.16   39.82
 -69972.470   410.054   -26.56   37.43
 -69683.434   401.031   -31.21   39.55
 -69394.378   392.988   -27.82   39.71
 -69105.303   386.896   -21.07   38.63
 -68816.208   375.013   -41.10   39.29
 -68527.094   359.987   -51.97   38.65
 -68237.960   350.481   -32.88   36.48
 -67948.807   340.143   -35.75   34.31
 -67659.634   335.320   -16.68   33.71
 -67370.441   334.782    -1.86   35.18
 -67081.229   336.521     6.01   36.50
 -66791.997   336.027    -1.71   36.80
 -66502.746   333.119   -10.05   36.88
 -66213.475   321.232   -41.09   42.28
 -65924.185   306.192   -51.98   48.04
 -65634.875   289.546   -57.53   49.73
 -65345.545   274.423   -52.27   47.61
 -65056.196   259.731   -50.77   45.47
 -64766.827   245.795   -48.16   44.41
 -64477.439   235.234   -36.49   47.10
 -64188.031   223.211   -41.54   49.45
 -63898.603   209.804   -46.32   50.97
 -63609.156   194.488   -52.91   51.04
 -63319.689   177.356   -59.18   50.73
 -63030.203   158.215   -66.12   45.77
 -62740.697   139.761   -63.74   39.50
 -62451.171   126.260   -46.63   32.30
 -62161.626   114.390   -40.99   25.28
 -61872.061   106.244   -28.13   19.34
 -61582.476    99.351   -23.80   14.08
 -61292.872    92.961   -22.06    9.00
 -61003.248    88.481   -15.47    7.47
 -60713.604    85.205   -11.31    7.73
 -60423.941    81.601   -12.44    6.85
 -60134.258    80.148    -5.02    6.00
 -59844.555    80.201     0.18    7.33
 -59554.833    81.128     3.20    9.88
 -59265.091    81.692     1.95   10.48
 -58975.329    83.052     4.69   10.41
 -58685.548    84.026     3.36    9.82
 -58395.747    84.572     1.88    7.47
 -58105.926    85.708     3.92    7.00
 -57816.085    86.868     4.00    6.42
 -57526.225    87.738     3.00    5.63
 -57238.610    87.514    -0.78    5.36
 -56952.888    86.655    -3.01    5.12
 -56667.147    84.602    -7.18    5.48
 -56381.388    82.392    -7.74    6.58
 -56095.609    79.676    -9.50    7.02
 -55809.812    78.208    -5.13    7.09
 -55523.995    77.538    -2.34    8.10
 -55238.159    76.654    -3.09    8.64
 -54952.305    76.650    -0.01    8.50
 -54666.431    78.027     4.82    9.26
 -54380.538    78.401     1.31    9.20
 -54094.626    78.637     0.82    8.83
 -53808.695    78.619    -0.06    7.82
 -53522.745    77.461    -4.05    8.28
 -53236.776    74.961    -8.74    8.16
 -52950.788    71.588   -11.79    8.35
 -52664.781    67.679   -13.67    7.89
 -52378.755    64.590   -10.80    7.05
 -52092.710    61.611   -10.41    6.65
 -51806.645    58.767    -9.94    5.52
 -51520.562    57.390    -4.81    4.62
 -51234.460    55.692    -5.93    4.36
 -50948.338    54.014    -5.86    4.42
 -50662.197    52.668    -4.70    5.02
 -50376.037    50.777    -6.61    5.94
 -50089.858    48.205    -8.99    7.35
 -49803.660    45.461    -9.58    7.88
 -49517.443    41.830   -12.69    7.73
 -49231.207    38.715   -10.88    7.40
 -48944.952    35.577   -10.96    7.17
 -48658.677    32.397   -11.11    6.19
 -48372.384    30.218    -7.61    5.40
 -48086.071    28.260    -6.84    4.89
 -47799.739    26.702    -5.44    4.56
 -47513.388    25.650    -3.67    4.38
 -47227.018    24.987    -2.31    4.55
 -46940.628    24.705    -0.99    4.84
 -46654.220    24.185    -1.81    4.91
 -46367.792    23.304    -3.08    4.69
 -46081.346    23.495     0.67    5.88
 -45794.880    24.282     2.75    6.44
 -45508.394    25.167     3.09    7.82
 -45221.890    28.231    10.69   11.27
 -44935.367    32.667    15.48   13.84
 -44648.824    35.064     8.37   13.84
 -44362.262    35.848     2.73   13.12
 -44075.681    36.013     0.58   13.08
 -43789.081    36.868     2.98   12.23
 -43502.461    35.761    -3.86   11.78
 -43215.823    33.308    -8.56   10.52
 -42929.165    31.564    -6.08    9.76
 -42642.488    30.375    -4.15    9.82
 -42355.792    31.535     4.05    9.63
 -42069.076    34.520    10.41    8.96
 -41782.341    37.024     8.73    8.97
 -41495.587    37.897     3.04    8.72
 -41208.814    37.795    -0.35    9.00
 -40922.022    39.679     6.57    8.50
 -40635.210    40.299     2.16    8.17
 -40348.379    41.679     4.81    9.26
 -40061.529    41.708     0.10    8.82
 -39774.660    40.790    -3.20    8.31
 -39487.771    40.159    -2.20    8.39
 -39200.863    40.201     0.15    7.96
 -38913.936    40.804     2.10    7.60
 -38626.989    42.804     6.97   10.21
 -38340.023    47.650    16.89   17.74
 -38053.038    58.372    37.36   30.30
 -37766.034    72.295    48.51   43.83
 -37479.010    97.101    86.42   70.32
 -37191.968   128.338   108.82   86.48
 -36904.905   158.277   104.29   88.91
 -36617.824   177.695    67.64   78.11
 -36330.723   193.435    54.82   69.76
 -36043.603   192.894    -1.89   66.03
 -35756.464   184.290   -29.96   69.06
 -35469.305   173.855   -36.34   70.55
 -35182.127   150.885   -79.98   69.81
 -34894.929   126.205   -85.93   54.14
 -34607.713   106.026   -70.26   39.75
 -34320.477    94.554   -39.94   34.93
 -34033.221    85.410   -31.83   32.09
 -33745.946    77.179   -28.65   30.38
 -33458.652    66.833   -36.01   27.57
 -33171.339    56.121   -37.28   19.49
 -32884.006    49.777   -22.08   19.34
 -32596.654    43.554   -21.66   16.19
 -32309.283    41.606    -6.78   15.85
 -32021.892    40.588    -3.54   15.50
 -31734.481    41.317     2.53   16.50
 -31447.052    42.468     4.01   16.86
 -31159.603    43.910     5.02   15.98
 -30872.134    45.372     5.08   15.80
 -30584.647    45.372     0.00   15.60
 -30297.139    44.884    -1.70   17.64
 -30009.613    43.869    -3.53   20.76
 -29722.067    42.295    -5.48   23.00
 -29434.501    36.975   -18.50   20.49
 -29146.917    33.119   -13.41   18.58
 -28859.312    31.448    -5.81   17.87
 -28571.689    30.215    -4.29   17.90
 -28284.046    31.282     3.71   18.84
 -27996.383    31.810     1.83   19.12
 -27708.701    33.064     4.36   17.46
 -27421.000    34.504     5.00   16.11
 -27133.279    36.364     6.47   17.65
 -26845.539    39.346    10.36   19.12
 -26557.779    41.244     6.59   18.45
 -26270.000    44.761    12.22   17.01
 -25982.202    47.211     8.51   17.40
 -25694.384    49.777     8.91   17.70
 -25406.546    53.501    12.94   16.60
 -25118.689    57.281    13.13   16.72
 -24830.813    62.961    19.73   18.18
 -24542.917    67.650    16.28   17.43
 -24255.001    72.195    15.79   16.59
 -23967.066    71.151    -3.63   18.54
 -23679.112    69.780    -4.76   18.74
 -23391.138    67.780    -6.94   18.05
 -23103.145    65.001    -9.65   17.43
 -22815.132    62.961    -7.08   17.55
 -22527.099    64.422     5.07   16.48
 -22239.047    68.028    12.52   15.29
 -21950.976    71.588    12.36   14.70
 -21662.885    75.225    12.62   12.82
 -21374.774    78.050     9.81   11.81
 -21086.644    79.385     4.63   11.23
 -20798.495    79.364    -0.07   12.32
 -20510.326    78.715    -2.25   14.27
 -20222.137    77.782    -3.24   16.20
 -19933.929    74.769   -10.45   18.85
 -19645.701    71.615   -10.94   20.08
 -19357.454    71.068    -1.90   21.37
 -19069.187    70.277    -2.74   21.49
 -18780.901    72.015     6.03   24.90
 -18492.595    76.790    16.56   33.28
 -18204.269    83.705    23.98   37.20
 -17915.924    91.628    27.48   39.20
 -17627.559    99.253    26.44   36.97
 -17339.175   110.195    37.94   33.65
 -17050.771   113.582    11.74   32.59
 -16762.348   108.808   -16.55   34.61
 -16473.904   102.633   -21.41   35.68
 -16185.442    96.593   -20.94   34.82
 -15896.959    90.735   -20.31   32.86
 -15608.458    89.725    -3.50   35.33
 -15319.936    95.841    21.20   41.60
 -15031.395    99.721    13.45   43.29
 -14742.834   105.372    19.58   43.18
 -14454.254   112.556    24.90   39.19
 -14165.654   116.641    14.15   33.63
 -13877.034   116.897     0.89   30.58
 -13588.395   113.299   -12.47   30.30
 -13299.736   100.014   -46.02   42.13
 -13011.057    79.922   -69.60   48.06
 -12722.359    58.922   -72.74   48.27
 -12433.641    51.869   -24.43   45.70
 -12144.903    46.606   -18.23   42.60
 -11856.146    43.520   -10.69   36.75
 -11567.369    44.820     4.50   33.73
 -11278.572    48.037    11.14   31.92
 -10989.756    55.572    26.09   28.94
 -10700.920    56.078     1.75   20.69
 -10412.065    54.333    -6.04   14.70
 -10123.189    54.455     0.42   13.16
  -9834.294    57.027     8.90   13.22
  -9545.379    62.093    17.53   12.50
  -9256.445    67.488    18.67   10.88
  -8967.491    72.801    18.39   11.91
  -8678.517    83.910    38.44   24.25
  -8389.523    97.244    46.14   38.53
  -8100.510   112.974    54.43   48.78
  -7811.477   123.399    36.07   48.85
  -7522.424   128.397    17.29   47.26
  -7233.351   129.442     3.62   50.05
  -6944.259   124.026   -18.74   52.87
  -6655.147   115.201   -30.52   57.52
  -6366.015   100.646   -50.34   57.88
  -6076.864    81.655   -65.68   48.77
  -5787.692    65.026   -57.51   30.63
  -5498.501    55.027   -34.57   17.73
  -5209.291    50.948   -14.10   11.37
  -4920.060    51.205     0.89   11.55
  -4630.810    53.546     8.09   12.58
  -4341.539    55.417     6.47   12.35
  -4052.249    58.793    11.67   10.95
  -3762.940    61.681     9.99   15.20
  -3473.610    63.988     7.97   25.88
  -3184.261    63.415    -1.98   34.93
  -2894.892    63.554     0.48   41.81
  -2605.503    60.015   -12.23   44.54
  -2316.094    53.068   -24.00   47.25
  -2026.665    44.564   -29.38   51.33
  -1737.217    34.582   -34.49   47.71
  -1447.749    24.577   -34.56   43.44
  -1158.261    12.769   -40.79   31.70
   -868.753     6.871   -20.37   22.07
   -579.225     7.909     3.59   28.12
   -289.677    12.777    16.81   37.29
     -0.110    16.014    11.18   43.63
    289.477    15.668    -1.19   42.60
    579.084    14.909    -2.62   41.05
    868.711    10.910   -13.81   23.85
   1158.358    11.090     0.62   18.42
   1448.025    16.487    18.63   22.77
   1737.712    22.234    19.84   27.57
   2027.418    31.715    32.72   32.61
   2317.144    37.598    20.31   33.86
   2606.891    44.051    22.27   34.07
   2896.657    50.238    21.35   33.69
   3186.443    54.304    14.03   32.00
   3476.249    53.080    -4.22   32.73
   3766.075    48.975   -14.16   33.10
   4055.920    45.987   -10.31   34.57
   4345.786    41.936   -13.98   35.93
   4635.672    34.077   -27.11   34.83
   4921.740    31.047   -10.59   35.60
   5207.426    24.364   -23.39   33.09
   5493.130    17.615   -23.62   27.60
   5778.854    13.911   -12.97   24.90
   6064.597     9.735   -14.61   19.15
   6350.360     6.238   -12.24   10.04
   6636.141     8.817     9.02   17.42
   6921.942    11.935    10.91   23.22
   7207.762    14.777     9.94   28.68
   7493.601    17.646    10.04   31.27
   7779.460    21.546    13.64   36.62
   8065.337    23.359     6.34   40.23
   8351.234    21.192    -7.58   39.94
   8637.151    19.064    -7.44   36.91
   8923.086    19.139     0.26   38.10
   9209.041    12.585   -22.92   22.19
   9495.015    10.182    -8.40   11.50
   9781.008    10.654     1.65    8.30
  10067.020    11.975     4.62    8.30
  10353.052    13.830     6.49    8.72
  10639.103    13.790    -0.14    8.69
  10925.173    14.415     2.18    8.90
  11211.263    16.026     5.63   10.90
  11497.372    19.582    12.43   16.07
  11783.500    22.974    11.86   21.18
  12069.647    26.731    13.13   25.63
  12355.814    31.416    16.37   28.83
  12642.000    35.218    13.28   31.55
  12928.205    40.088    17.02   33.26
  13214.430    44.141    14.16   32.65
  13500.674    45.135     3.47   30.47
  13786.937    47.014     6.57   27.76
  14073.220    48.364     4.72   24.95
  14359.522    47.323    -3.64   20.86
  14645.843    46.869    -1.58   18.10
  14932.183    47.495     2.18   17.19
  15218.543    51.338    13.42   19.10
  15504.923    55.961    16.14   20.50
  15791.321    61.734    20.15   20.61
  16077.739    65.154    11.94   20.62
  16364.176    68.986    13.38   18.65
  16650.633    69.910     3.22   19.76
  16937.109    71.050     3.98   18.77
  17223.605    71.936     3.09   19.54
  17510.119    73.615     5.86   21.87
  17796.654    75.264     5.76   22.18
  18083.207    76.738     5.14   22.24
  18369.780    77.093     1.24   22.30
  18656.372    76.935    -0.55   20.25
  18942.984    76.922    -0.05   18.89
  19229.615    74.598    -8.11   17.84
  19516.266    72.884    -5.98   17.97
  19802.936    68.090   -16.72   21.59
  20089.625    63.231   -16.95   25.03
  20376.334    57.026   -21.64   28.42
  20663.062    51.585   -18.98   30.07
  20949.810    44.793   -23.69   29.81
  21236.577    38.494   -21.96   29.36
  21523.363    34.793   -12.91   29.09
  21810.169    30.804   -13.91   27.90
  22096.994    24.343   -22.52   25.10
  22383.839    18.896   -18.99   21.74
  22670.703    13.936   -17.29   15.22
  22957.587    11.050   -10.06    7.75
  23244.490    13.538     8.67   12.67
  23531.413    17.961    15.42   17.68
  23818.355    22.872    17.11   21.20
  24105.317    31.286    29.32   27.30
  24392.298    41.269    34.79   32.03
  24679.298    53.507    42.64   37.29
  24966.318    69.633    56.18   41.16
  25253.358    86.040    57.16   37.36
  25540.417    95.725    33.74   32.91
  25827.495   103.364    26.61   31.28
  26114.593   106.295    10.21   31.48
  26401.710   103.728    -8.94   37.02
  26688.847    98.038   -19.81   41.33
  26976.004    92.269   -20.09   42.35
  27263.180    86.641   -19.60   41.20
  27550.376    84.667    -6.87   39.07
  27837.591    81.922    -9.55   34.54
  28124.825    80.871    -3.66   34.79
  28412.079    84.654    13.17   36.28
  28699.353    91.527    23.93   40.26
  28986.646   101.461    34.58   40.53
  29273.959   111.422    34.67   39.90
  29561.291   124.695    46.19   38.00
  29848.643   136.531    41.19   32.06
  30136.015   142.607    21.14   26.08
  30423.406   139.936    -9.29   29.27
  30710.816   130.171   -33.97   36.79
  30998.247   117.628   -43.64   41.67
  31285.696   107.354   -35.74   43.06
  31573.166    97.126   -35.58   43.64
  31860.655    84.896   -42.54   40.22
  32148.163    73.211   -40.64   35.06
  32435.691    73.067    -0.50   32.73
  32723.239    75.130     7.18   30.07
  33010.806    77.780     9.21   29.87
  33298.393    80.268     8.65   27.46
  33586.000    86.208    20.65   27.82
  33873.626    91.303    17.71   27.62
  34161.272    93.658     8.19   26.17
  34448.937    96.111     8.53   27.17
  34736.622    93.320    -9.70   28.47
  35024.327    88.808   -15.69   32.55
  35312.051    81.441   -25.60   35.92
  35599.795    71.015   -36.24   38.04
  35887.559    58.790   -42.48   35.97
  36175.342    50.448   -28.99   33.22
  36463.145    41.711   -30.36   24.93
  36750.967    41.001    -2.47   24.09
  37038.810    44.949    13.71   26.87
  37326.671    53.624    30.14   32.96
  37614.553    66.379    44.31   39.18
  37902.454    79.397    45.22   43.38
  38190.375    95.316    55.29   45.10
  38478.316   107.449    42.14   42.79
  38766.276   117.404    34.57   36.39
  39054.256   127.304    34.38   26.30
  39342.256   131.383    14.16   22.71
  39630.275   132.277     3.11   22.35
  39918.314   134.268     6.91   20.12
  40206.373   135.218     3.30   18.50
  40494.452   135.696     1.66   18.59
  40782.550   134.756    -3.26   19.13
  41070.668   132.645    -7.33   19.93
  41358.806   123.780   -30.77   19.41
  41646.963   116.115   -26.60   19.32
  41935.141   102.974   -45.60   26.74
  42223.338    89.808   -45.69   33.80
  42511.554    80.028   -33.93   38.54
  42799.791    71.040   -31.18   41.35
  43088.047    62.014   -31.31   43.52
  43376.323    57.026   -17.30   45.65
  43664.619    49.343   -26.65   45.55
  43952.934    45.198   -14.38   46.19
  44241.269    41.392   -13.20   42.16
  44529.625    35.101   -21.82   34.15
  44817.999    31.861   -11.23   27.17
  45106.394    29.423    -8.46   20.93
  45394.808    29.179    -0.84   18.85
  45683.243    28.708    -1.63   15.15
  45971.697    30.228     5.27   14.43
  46260.171    34.698    15.50   16.32
  46548.664    40.681    20.74   19.69
  46837.178    47.106    22.27   24.33
  47125.711    57.014    34.34   32.24
  47414.264    71.474    50.11   43.15
  47702.837    88.085    57.56   52.51
  47991.430   107.692    67.94   61.32
  48280.042   130.038    77.43   72.12
  48568.675   157.833    96.30   76.30
  48857.327   175.231    60.27   73.36
  49145.999   192.336    59.26   63.60
  49434.691   205.000    43.87   48.46
  49723.403   209.804    16.64   39.48
  50012.135   210.738     3.24   34.70
  50300.886   207.401   -11.55   35.20
  50589.658   192.786   -50.61   43.95
  50878.449   178.227   -50.42   47.68
  51167.260   159.897   -63.47   50.80
  51456.091   139.793   -69.61   52.51
  51744.942   120.253   -67.65   49.18
  52033.813   103.923   -56.53   44.64
  52322.704    88.291   -54.11   34.21
  52611.615    76.014   -42.49   19.53
  52900.545    70.304   -19.77   13.38
  53189.496    68.619    -5.83   13.94
  53478.466    72.211    12.43   19.24
  53767.456    80.106    27.32   26.30
  54056.467    89.480    32.44   31.19
  54345.497    99.240    33.77   34.62
  54634.547   107.899    29.96   36.78
  54923.617   117.884    34.54   33.31
  55212.707   127.411    32.96   29.83
  55501.817   132.531    17.71   25.58
  55790.947   135.527    10.36   22.85
  56080.097   135.277    -0.86   21.24
  56369.266   133.119    -7.46   20.53
  56658.456   132.507    -2.12   20.01
  56947.666   135.871    11.63   21.80
  57236.896   141.611    19.85   24.88
  57526.145   148.091    22.41   24.73
  57815.415   150.808     9.39   23.56
  58104.705   151.602     2.75   24.44
  58394.014   152.974     4.74   26.46
  58683.344   154.000     3.55   30.46
  58972.693   152.801    -4.14   36.95
  59262.063   145.068   -26.73   42.36
  59551.453   134.364   -36.99   45.41
  59840.862   126.738   -26.35   48.26
  60130.292   116.883   -34.05   50.15
  60419.742   107.514   -32.37   49.25
  60709.211    95.654   -40.97   43.93
  60998.701    85.244   -35.96   35.60
  61288.211    79.486   -19.89   31.92
  61577.741    74.987   -15.54   26.69
  61867.291    69.556   -18.76   19.97
  62156.861    65.897   -12.64   12.44
  62446.451    63.093    -9.68    8.33
  62736.061    61.390    -5.88    8.21
  63025.691    60.514    -3.02    8.28
  63315.341    59.428    -3.75    7.92
  63605.011    59.121    -1.06    7.20
  63894.702    59.481     1.24    7.12
  64184.412    59.797     1.09    6.57
  64474.142    61.620     6.29    8.28
  64763.893    64.782    10.91   10.50
  65053.664    68.295    12.12   11.98
  65343.454    72.611    14.89   12.47
  65633.265    77.080    15.42   11.18
  65923.096    81.611    15.63    9.67
  66212.947    85.238    12.51    8.83
  66502.819    88.883    12.57    9.65
  66791.625    94.468    19.34   13.04
  67077.271   101.987    26.32   17.71
  67362.935   108.291    22.07   19.34
  67648.619   116.012    27.03   20.11
  67934.323   125.075    31.72   22.36
  68220.046   137.745    44.34   25.89
  68505.788   154.949    60.21   35.30
  68791.550   166.911    41.87   37.59
  69077.331   178.354    40.04   42.50
  69363.131   190.238    41.58   41.38
  69648.951   200.804    36.97   43.84
  69934.791   199.817    -3.45   48.36
  70220.650   190.423   -32.86   53.48
  70506.528   186.676   -13.11   51.48
  70792.425   186.619    -0.20   47.55
  71078.342   185.788    -2.91   43.14
  71364.279   192.128    22.17   42.03
  71650.235   198.346    21.75   39.49
  71936.210   208.774    36.47   39.35
  72222.205   224.820    56.11   34.98
  72508.219   232.744    27.70   33.38
  72794.253   236.676    13.75   32.84
  73080.306   238.139     5.11   32.07
  73366.379   239.141     3.50   31.72
  73652.471   233.091   -21.15   39.01
  73938.583   224.133   -31.31   41.29
  74224.714   213.659   -36.61   39.44
  74510.865   203.883   -34.17   41.43
  74797.035   199.961   -13.70   40.66
  75083.224   201.139     4.11   40.45
  75369.434   203.620     8.67   39.25
  75655.662   210.708    24.77   34.82
  75941.910   208.899    -6.32   31.90
  76228.178   206.679    -7.75   28.68
  76514.465   207.549     3.04   28.79
  76800.772   206.577    -3.40   28.93
  77087.098   208.897     8.10   27.06
  77373.444   209.148     0.88   25.11
  77659.809   211.161     7.03   24.25
  77946.194   213.481     8.10   23.94
  78232.598   218.234    16.60   25.42
  78519.022   223.508    18.41   27.06
  78805.465   227.921    15.41   27.17
  79091.928   229.260     4.67   27.45
  79378.411   236.115    23.93   27.48
  79664.913   242.711    23.02   25.96
  79951.435   249.282    22.93   27.08
  80237.976   255.611    22.09   27.46
  80524.537   263.291    26.80   30.15
  80811.117   274.115    37.77   28.88
  81097.717   282.746    30.12   26.42
  81384.337   285.130     8.32   26.45
  81670.976   287.422     8.00   25.87
  81957.635   290.383    10.33   24.88
  82244.313   291.856     5.14   23.81
  82531.011   290.728    -3.94   21.73
  82817.729   287.674   -10.65   20.20
  83104.466   281.936   -20.01   21.25
  83391.223   277.329   -16.07   21.66
  83677.999   273.468   -13.46   21.13
  83964.795   271.192    -7.94   20.84
  84251.611   271.611     1.46   19.97
  84538.446   272.316     2.46   19.72
  84825.301   273.052     2.57   18.62
  85112.176   275.828     9.68   18.92
  85399.070   279.922    14.27   19.57
  85685.984   282.264     8.16   18.86
  85972.918   283.872     5.60   17.19
  86259.871   284.055     0.64   16.17
  86546.844   284.188     0.46   16.13
  86833.836   282.130    -7.17   15.81
  87120.849   282.385     0.89   15.68
  87407.881   283.786     4.88   14.83
  87694.932   286.385     9.05   14.91
  87982.004   287.873     5.18   15.17
  88269.095   287.734    -0.49   14.50
  88556.205   288.654     3.21   13.82
  88843.336   292.000    11.65   14.03
  89130.486   297.000    17.42   17.15
  89417.656   305.304    28.92   22.61
  89704.845   314.133    30.75   30.80
  89992.055   329.628    53.96   47.73
  90279.284   359.397   103.65   76.63
  90566.532   402.442   149.87  104.06
  90853.801   440.551   132.67  110.65
  91141.089   466.987    92.03  107.15
  91428.397   493.690    92.95   97.77
  91715.725   514.797    73.47   83.08
  92003.072   521.827    24.47   76.39
  92290.439   517.734   -14.25   85.06
  92577.826   497.364   -70.88  100.87
  92865.233   466.988  -105.70  115.08
  93152.659   436.238  -106.99  115.80
  93440.106   403.936  -112.39  100.89
  93727.572   384.481   -67.68   83.19
  94015.057   384.685     0.71   80.29
  94302.563   406.000    74.14   94.93
  94590.088   436.063   104.56   96.68
  94877.634   451.126    52.39   91.83
  95165.199   453.661     8.82   88.93
  95452.783   452.430    -4.28   83.66
  95740.388   460.151    26.85   86.35
  96028.012   468.858    30.27   87.48
  96315.657   474.429    19.37   85.47
  96603.321   489.611    52.78   85.03
  96891.004   514.546    86.68   84.09
  97178.708   544.356   103.62   66.31
  97466.432   565.883    74.82   50.58
  97754.175   585.238    67.27   33.10
  98041.938   596.949    40.70   22.45
  98329.721   604.059    24.71   15.89
  98617.524   607.417    11.67   12.36
  98905.347   609.164     6.07   10.83
  99193.190   607.518    -5.72   13.39
  99481.052   601.064   -22.42   21.48
  99768.934   595.399   -19.68   22.20
 100056.837   593.102    -7.98   20.58
 100344.759   592.415    -2.39   18.06
 100632.701   592.725     1.08   16.90
 100920.663   592.580    -0.50   15.72
 101208.644   591.546    -3.59   15.46
 101496.646   591.077    -1.63   15.73
 101784.668   592.049     3.38   17.14
 102072.709   593.518     5.10   17.84
 102360.770   594.492     3.38   18.95
 102648.852   597.026     8.80   15.13
 102936.953   598.274     4.33   13.12
 103225.074   598.139    -0.47   11.97
 103513.215   596.845    -4.49   11.33
 103801.376   595.211    -5.67   11.60
 104089.557   594.093    -3.88   13.22
 104377.758   593.436    -2.28   14.74
 104665.979   592.179    -4.36   16.10
 104954.219   588.151   -13.98   18.65
 105242.480   584.128   -13.96   19.40
 105530.761   578.718   -18.77   19.87
 105819.061   572.282   -22.33   21.62
 106107.382   566.333   -20.63   23.94
 106395.723   559.399   -24.05   25.32
 106684.083   554.000   -18.73   26.81
 106972.464   546.935   -24.50   24.99
 107260.864   542.868   -14.10   23.86
 107549.285   539.039   -13.28   22.90
 107837.725   534.883   -14.41   23.11
 108126.186   530.487   -15.24   23.20
 108414.666   526.580   -13.55   24.05
 108703.167   523.711    -9.94   23.49
 108991.687   518.544   -17.91   22.45
 109280.228   512.012   -22.64   21.40
 109568.788   507.036   -17.24   21.65
 109857.369   501.556   -18.99   20.53
 110145.969   495.218   -21.97   21.45
 110434.590   488.286   -24.02   23.98
 110723.231   479.429   -30.69   26.75
 111011.891   473.754   -19.66   27.89
 111300.572   471.721    -7.04   26.87
 111589.273   467.659   -14.07   25.78
 111877.994   463.804   -13.35   24.15
 112166.735   458.231   -19.30   23.25
 112455.496   452.761   -18.94   25.59
 112744.277   450.899    -6.45   25.02
 113033.078   452.667     6.12   23.37
 113321.899   453.411     2.58   21.74
 113610.740   454.282     3.01   21.70
 113899.602   457.670    11.73   23.41
 114188.483   465.538    27.24   22.62
 114477.385   474.585    31.32   19.40
 114766.306   481.040    22.35   17.53
 115055.248   485.330    14.85   15.91
 115344.210   488.601    11.32   15.98
 115633.192   493.759    17.85   18.31
 115922.194   500.911    24.75   21.89
 116211.216   508.835    27.42   24.50
 116500.259   518.654    33.97   25.27
 116789.321   529.221    36.56   22.64
 117078.404   536.822    26.30   18.01
 117367.506   541.449    16.01   13.65
 117656.629   543.667     7.67   11.96
 117945.772   545.317     5.71   11.94
 118234.936   546.698     4.78   11.62
 118524.119   547.935     4.28   12.22
 118813.323   551.026    10.69   13.40
 119102.546   555.113    14.13   14.77
 119391.790   560.848    19.83   15.20
 119681.054   564.518    12.69   15.25
 119970.338   562.214    -7.97   25.42
 120259.643   550.341   -41.05   49.73
 120548.967   524.836   -88.16   78.78
 120838.312   492.291  -112.49   97.55
 121127.677   449.533  -147.78  101.86
 121417.063   418.264  -108.06   88.89
 121706.468   402.369   -54.93   74.67
 121995.894   400.054    -8.00   67.69
 122285.339   414.308    49.25   73.71
 122574.806   443.936   102.37   78.36
 122864.292   477.442   115.76   71.87
 123153.798   498.035    71.14   56.28
 123443.325   506.074    27.77   58.43
 123732.872   499.873   -21.42   71.50
 124022.439   485.417   -49.93   85.43
 124312.027   466.037   -66.93   87.28
 124601.635   442.055   -82.82   81.15
 124891.263   411.554  -105.32   71.10
 125180.911   390.633   -72.24   66.37
 125470.580   378.819   -40.79   64.70
 125760.268   365.544   -45.83   60.32
 126049.977   354.291   -38.85   53.20
 126339.707   340.949   -46.05   42.32
 126629.457   326.949   -48.32   37.01
 126919.227   309.683   -59.59   38.92
 127209.017   297.149   -43.26   40.81
 127498.827   284.136   -44.91   40.06
 127788.658   267.646   -56.90   36.07
 128078.509   251.343   -56.25   29.67
 128368.381   240.383   -37.82   20.34
 128658.273   237.182   -11.04   19.39
 128945.591   237.359     0.61   20.41
 129231.204   241.336    13.93   22.84
 129516.837   244.430    10.83   22.90
 129802.490   250.531    21.36   19.83
 130088.162   256.379    20.47   13.29
 130373.854   260.372    13.98   12.98
 130659.565   263.599    11.30   15.57
 130945.296   267.911    15.09   17.21
 131231.046   271.167    11.40   16.35
 131516.816   274.575    11.93   14.02
 131802.606   275.211     2.23   13.06
 132088.415   274.269    -3.30   14.26
 132374.244   271.290   -10.42   16.46
 132660.093   267.385   -13.67   18.26
 132945.961   261.567   -20.35   19.39
 133231.848   255.975   -19.56   21.23
 133517.756   249.774   -21.69   24.17
 133803.683   246.392   -11.83   28.52
 134089.629   234.161   -42.78   48.52
 134375.596   218.461   -54.91   64.44
 134661.581   199.564   -66.09   73.67
 134947.587   180.632   -66.20   78.79
 135233.612   166.265   -50.24   78.68
 135519.657   149.286   -59.36   72.51
 135805.721   132.721   -57.92   59.46
 136091.805   119.501   -46.22   40.88
 136377.909   118.106    -4.88   33.59
 136664.033   123.843    20.05   35.88
 136950.176   131.628    27.21   41.01
 137236.339   143.102    40.10   47.39
 137522.521   153.721    37.11   47.92
 137808.723   161.731    27.99   43.51
 138094.945   169.269    26.34   38.33
 138381.187   175.442    21.57   34.38
 138667.448   180.911    19.11   31.21
 138953.729   183.961    10.66   28.81
 139240.029   192.835    31.00   30.51
 139526.350   206.128    46.43   30.67
 139812.690   220.619    50.61   27.22
 140099.050   231.559    38.21   23.15
 140385.429   237.769    21.69   22.97
 140671.829   237.436    -1.16   26.16
 140958.248   236.540    -3.13   29.78
 141244.686   232.343   -14.66   32.21
 141531.145   230.401    -6.78   30.46
 141817.623   226.620   -13.20   28.37
 142104.121   221.386   -18.27   30.27
 142390.639   214.399   -24.39   34.04
 142677.176   208.721   -19.82   38.56
 142963.734   203.986   -16.53   41.87
 143250.311   203.379    -2.12   43.07
 143536.907   202.189    -4.15   43.31
 143823.524   200.836    -4.72   42.52
 144110.160   197.602   -11.28   37.20
 144396.817   193.695   -13.63   32.47
 144683.492   196.133     8.50   32.49
 144970.188   201.356    18.22   31.30
 145256.904   206.615    18.35   29.96
 145543.639   212.291    19.80   30.69
 145830.394   222.404    35.27   30.06
 146117.169   233.493    38.67   29.57
 146403.964   241.999    29.66   30.78
 146690.779   246.708    16.42   34.53
 146977.613   247.111     1.41   36.52
 147264.467   245.628    -5.17   37.92
 147551.342   246.911     4.47   38.40
 147838.235   247.795     3.08   38.71
 148125.149   247.540    -0.89   37.04
 148412.083   248.572     3.60   33.93
 148699.036   251.269     9.40   32.56
 148986.010   254.692    11.93   31.18
 149273.003   262.777    28.18   30.55
 149560.016   271.068    28.89   29.61
 149847.049   282.343    39.29   28.45
 150134.102   288.835    22.62   26.50
 150421.175   289.171     1.17   25.27
 150708.267   289.911     2.58   24.24
 150995.380   293.392    12.12   25.16
 151282.512   296.374    10.39   25.92
 151569.664   300.556    14.57   26.06
 151856.836   301.886     4.63   25.39
 152144.029   305.333    12.01   24.57
 152431.241   306.312     3.41   22.80
 152718.472   303.948    -8.23   23.05
 153005.724   299.593   -15.16   24.12
 153292.996   294.106   -19.10   26.34
 153580.288   284.658   -32.89   28.79
 153867.599   269.911   -51.33   36.46
 154154.931   251.974   -62.44   43.90
 154442.282   233.111   -65.65   49.07
 154729.654   215.118   -62.62   46.44
 155017.045   204.599   -36.61   40.57
 155304.457   200.025   -15.92   37.80
 155591.888   203.324    11.48   41.53
 155879.339   213.999    37.14   47.27
 156166.810   228.488    50.41   48.95
 156454.302   239.711    39.05   48.90
 156741.813   244.698    17.35   50.52
 157029.344   249.359    16.21   52.07
 157316.895   252.822    12.05   53.49
 157604.466   260.374    26.26   57.06
 157892.057   266.822    22.42   59.71
 158179.669   272.436    19.52   59.86
 158467.300   276.341    13.58   55.55
 158754.951   278.154     6.30   49.44
 159042.622   278.899     2.59   49.96
 159330.313   279.063     0.57   53.67
 159618.024   279.364     1.05   56.60
 159905.756   275.735   -12.62   57.04
 160193.507   273.514    -7.72   58.00
 160481.278   273.873     1.25   58.66
 160769.070   273.897     0.08   60.29
 161056.881   274.051     0.54   61.69
 161344.712   270.585   -12.04   60.45
 161632.564   267.385   -11.12   60.37
 161920.435   264.949    -8.46   59.01
 162208.327   259.411   -19.24   53.73
 162496.239   254.436   -17.28   47.58
 162784.170   251.050   -11.76   41.58
 163072.122   249.860    -4.13   37.37
 163360.094   255.077    18.12   40.06
 163648.086   266.104    38.30   42.63
 163936.098   270.624    15.69   43.04
 164224.130   271.038     1.44   43.34
 164512.183   270.113    -3.21   42.18
 164800.255   269.567    -1.90   39.10
 165088.348   268.935    -2.19   37.21
 165376.460   269.674     2.56   36.05
 165664.593   269.661    -0.04   34.97
 165952.746   273.436    13.10   35.63
 166240.919   282.615    31.86   37.56
 166529.112   295.199    43.67   37.79
 166817.325   302.468    25.22   37.94
 167105.558   308.336    20.36   36.78
 167393.812   315.090    23.43   34.77
 167682.085   319.658    15.85   33.00
 167970.379   325.442    20.07   33.07
 168258.693   329.001    12.34   33.24
 168547.027   333.567    15.84   33.57
 168835.382   339.410    20.27   33.29
 169123.756   344.686    18.30   32.84
 169412.151   351.022    21.97   32.83
 169700.566   355.265    14.71   32.22
 169989.001   361.829    22.76   29.92
 170277.456   369.024    24.95   25.62
 170565.931   371.949    10.14   23.72
 170854.427   371.299    -2.25   26.23
 171142.942   370.974    -1.13   28.59
 171431.478   373.551     8.93   34.17
 171720.035   379.961    22.22   40.39
 172008.611   391.817    41.09   43.26
 172297.208   402.676    37.63   43.61
 172585.824   416.724    48.68   40.02
 172874.462   429.311    43.62   29.20
 173163.119   436.392    24.53   26.50
 173451.796   435.924    -1.62   26.85
 173740.494   434.419    -5.21   26.64
 174029.212   434.569     0.52   26.29
 174317.951   432.640    -6.68   23.31
 174606.709   431.524    -3.87   20.54
 174895.488   430.051    -5.10   18.82
 175184.287   430.106     0.19   19.18
 175473.106   432.356     7.79   19.98
 175761.946   433.403     3.62   21.78
 176050.806   433.551     0.51   24.09
 176339.686   435.369     6.29   25.05
 176628.587   438.582    11.12   23.76
 176917.507   436.594    -6.88   24.92
 177206.449   427.082   -32.93   30.05
 177495.410   415.620   -39.67   32.72
 177784.392   405.620   -34.61   31.81
 178073.394   393.374   -42.38   29.89
 178362.416   380.139   -45.80   25.81
 178651.459   371.567   -29.66   26.33
 178940.521   362.856   -30.14   26.19
 179229.605   356.422   -22.26   25.40
 179518.708   356.615     0.67   24.46
 179807.832   359.184     8.88   25.34
 180096.977   361.686     8.66   26.34
 180386.141   367.759    21.00   27.83
 180675.326   371.853    14.16   30.86
 180964.532   375.449    12.44   33.69
 181253.757   372.586    -9.90   37.32
 181543.003   365.636   -24.03   40.98
 181832.270   356.399   -31.94   41.60
 182121.557   345.404   -38.01   39.07
 182410.864   333.961   -39.56   33.15
 182700.192   323.757   -35.27   28.84
